rank,actual_frequency,predicted_frequency,squared_error,num_verbs
1,0.3849461525076776,0.39207108339635977,5.0764640168497114e-05,100
2,0.16733331873544352,0.13766055600026567,0.0008804728483381596,100
3,0.09330196874871306,0.07462970383246836,0.00034865347710242266,100
4,0.05337868437745847,0.048334165616454206,2.5447169530123997e-05,100
5,0.03832391582408873,0.03450802517553439,1.4561021441724444e-05,100
6,0.029652693837431413,0.026203326281338653,1.1898136537025344e-05,100
7,0.021144188820771306,0.0207618845781642,1.461565339153945e-07,100
8,0.0138771105678431,0.01697066780577521,9.570096384362134e-06,100
9,0.009621241049729088,0.014205568658302269,2.1016059622726298e-05,100
10,0.007375631257469757,0.012116154782404276,2.2472563290457594e-05,100
11,0.0059441807765177,0.010492086397945261,2.068344554141241e-05,100
12,0.00503367330891442,0.009200281830779219,1.7360626574476368e-05,99
13,0.00405070992767452,0.008152866871551577,1.682769159219876e-05,99
14,0.0034494332189093763,0.007289730601616617,1.4747883987628084e-05,99
15,0.0029035831596776504,0.006568512210552391,1.3431704947945627e-05,99
16,0.002591772731409991,0.005958591859418201,1.133547104072196e-05,99
17,0.002375091946036871,0.005437345645737797,9.37739772133201e-06,99
18,0.0021677332926879397,0.004987734527274232,7.952406963068213e-06,99
19,0.001968075598230349,0.004596707562783301,6.909706005069512e-06,99
20,0.0017976432120749564,0.0042541178744490305,6.034267766885821e-06,99
21,0.0017061592407110412,0.003951970351013835,5.043667543159469e-06,99
22,0.0015838276950823687,0.003683889244348643,4.410258510706664e-06,99
23,0.001503965164365635,0.0034447347039699506,3.7665864058559473e-06,99
24,0.0014142751426223011,0.0032303221681458196,3.298026798912819e-06,99
25,0.0013324896247277243,0.0030372140459833043,2.9060853524251722e-06,99
26,0.0012862644142363202,0.002862563025081173,2.484717310551413e-06,98
27,0.0012395987924452977,0.0027039927876270826,2.1444497731244696e-06,98
28,0.0011795839746641431,0.0025595061972377322,1.904185340352434e-06,98
29,0.0011538521898043924,0.0024274139080134056,1.621959450087494e-06,97
30,0.0011011073515316222,0.0023062783288331935,1.4524370845300244e-06,97
31,0.0010565787186220396,0.0021948692548697324,1.2957053449110602e-06,97
32,0.0010075060115027617,0.00209212845089351,1.1764058360299376e-06,97
33,0.0009694567449998231,0.001997141165526197,1.0561352681926286e-06,97
34,0.0009305493012958874,0.001909113057443191,9.575870248451196e-07,97
35,0.0009102104755414019,0.0018273513810518405,8.411474405605073e-07,97
36,0.0008847233758402616,0.0017512495495929452,7.508676097984661e-07,97
37,0.0008664211492612333,0.0016802743950300471,6.623571056484333e-07,97
38,0.0008445143864280222,0.001613955595454277,5.920397741477849e-07,97
39,0.0008339778404767245,0.0015518768554383174,5.153789956828253e-07,96
40,0.0008128253261540262,0.0014936685123888406,4.6354744424237423e-07,96
41,0.0007935132224581239,0.0014390013093715697,4.166548703471801e-07,96
42,0.000778210142252232,0.0013875811271374693,3.713329972200041e-07,96
43,0.0007585898226810281,0.0013391445088474176,3.37043743629755e-07,96
44,0.0007317079634828993,0.0012934548430029442,3.1555955665050784e-07,96
45,0.0007124491586155701,0.001250299095375796,2.8928255447297913e-07,96
46,0.0006864371599924773,0.0012094850008168615,2.7357904379105033e-07,96
47,0.000677741226196757,0.0011708386418710095,2.431450613446265e-07,96
48,0.0006644628794748818,0.0011342023540088138,2.2065517393541451e-07,96
49,0.0006573599805593033,0.0010994329076833278,1.954284728960031e-07,96
50,0.0006486167411217377,0.0010663999258501808,1.745427894418404e-07,96
51,0.0006411528694467163,0.0010349845024555076,1.5510335515837129e-07,95
52,0.0006375018586197227,0.001005077993013079,1.3511221457556268e-07,95
53,0.0006189683736582012,0.0009765809530060138,1.278867569077956e-07,95
54,0.0005951807429860348,0.0009494022036538402,1.254728431976336e-07,95
55,0.0005861020399942352,0.0009234580077362029,1.1380904897111958e-07,95
56,0.0005641772767971115,0.0008986713407825456,1.1188627884149167e-07,95
57,0.000553171839997594,0.0008749712451203187,1.0355485713733946e-07,95
58,0.0005413651178068079,0.0008522922561011437,9.667568532790506e-08,95
59,0.0005248774077172325,0.0008305738913580828,9.345034011038064e-08,95
60,0.0005168717964652745,0.0008097601952388429,8.57836141361448e-08,95
61,0.0005120563871501885,0.0007897993316509165,7.714114321993444e-08,95
62,0.0005104570749437633,0.0007706432194791685,6.769682980819874e-08,95
63,0.0005070852262049429,0.0007522472055219079,6.010439610261198e-08,95
64,0.0004895740179946995,0.0007345697705607664,6.002291877541347e-08,94
65,0.0004874306608871979,0.0007175722647514541,5.296515782921224e-08,94
66,0.0004788183153966536,0.0007012186690121701,4.946191728830677e-08,94
67,0.0004707615414039311,0.0006854753795068894,4.610203227290338e-08,94
68,0.0004614847685840662,0.0006703110126826478,4.36084002243204e-08,93
69,0.0004581644706399314,0.0006556962286321213,3.901879541548507e-08,93
70,0.00045285885479433237,0.0006416035708227527,3.562456782864903e-08,93
71,0.0004525588516392674,0.0006280073204675826,3.078216521420028e-08,93
72,0.0004417304001739379,0.0006148833640160722,2.9981948887315445e-08,93
73,0.0004278787944015186,0.0006022090724199743,3.0391045833992076e-08,92
74,0.0004260262255296056,0.0005899631909834285,2.6875328642207923e-08,92
75,0.00042543804178165245,0.0005781257387411078,2.3313532802782456e-08,92
76,0.0004240056658078247,0.0005666779164261071,2.0355371096485985e-08,92
77,0.000418875688400694,0.000555602022192613,1.869409035217924e-08,92
78,0.0004178877193487113,0.0005448813743491856,1.6127388410379496e-08,92
79,0.0004133709186959998,0.0005345002404383883,1.4672312585771077e-08,92
80,0.0004102449587585002,0.0005244437720689263,1.3041368961509565e-08,92
81,0.0004098703049774892,0.0005146979449686531,1.0988834106117064e-08,92
82,0.00040661360982652885,0.0005052495037817926,9.729039576354031e-09,92
83,0.0004007552695901188,0.000496085911182457,9.087931226406842e-09,91
84,0.0003931912810478369,0.00048719530091974344,8.8367557520778e-09,91
85,0.0003863663941819139,0.00047856643444810676,8.500847425087583e-09,91
86,0.0003838645158087596,0.00047018866083085837,7.451858013796336e-09,91
87,0.0003833451870178023,0.0004620518796350923,6.194743462752575e-09,91
88,0.0003827751002989249,0.0004541465065634953,5.093877632182361e-09,91
89,0.0003771014173636098,0.0004464634415927684,4.811090405166386e-09,91
90,0.0003754054552661251,0.0004389940394100978,4.0435080334350995e-09,91
91,0.0003705775557981814,0.0004317300819585617,3.739631455796e-09,91
92,0.00036253438987030777,0.00042466375291980233,3.8600577529359e-09,91
93,0.00036004968884502847,0.00041778761397795943,3.333667998655941e-09,90
94,0.0003548661116871017,0.00041109458272294404,3.1616409550285618e-09,90
95,0.00035387765764144326,0.0004045779120638108,2.5705157984928e-09,89
96,0.00034808383858236675,0.0003982311710344133,2.514754952056079e-09,87
97,0.00034667343550242083,0.00039204822688383413,2.0588716929067787e-09,87
98,0.00033838627386359,0.00038602322835339423,2.2692794330636805e-09,86
99,0.00033805278111980315,0.00038015059005046384,1.7722255167624143e-09,86
100,0.000336681578178868,0.00037442497783691684,1.424564217747203e-09,86
101,0.0003359030381951657,0.00036884129515697787,1.0849287716823677e-09,86
102,0.0003356520216098146,0.00036339467023546973,7.696545527665639e-10,86
103,0.00033402068085470186,0.00035808044408315934,5.788722066094347e-10,86
104,0.0003339243860798109,0.00035289415925106245,3.598522941687351e-10,86
105,0.000332607129324914,0.0003478315492802729,2.3178296297712991e-10,86
106,0.0003308549151574085,0.0003428885287981567,1.4480785725480077e-10,85
107,0.00032832644350323494,0.00033806118421565555,9.476517673805934e-11,84
108,0.0003245023148953432,0.00033334576498399973,7.820660947055913e-11,84
109,0.0003214054727370607,0.0003287386753723781,5.3775860890626447e-11,84
110,0.0003208204903202015,0.00032423646673108265,1.1668894839696286e-11,84
111,0.00031649093245147454,0.0003198358302073564,1.1188340997303475e-11,84
112,0.00031274385015543583,0.0003155335898836606,7.7826477512355e-12,83
113,0.00031274385015543583,0.0003113266963103497,2.008325020642361e-12,83
114,0.0003094225224500109,0.00030721222040683185,4.885435122081422e-12,83
115,0.00030896764122789825,0.00030318734770720337,3.3411793185387213e-11,83
116,0.00030839625536274734,0.0002992493729281071,8.366545827313032e-11,83
117,0.0003049703123348818,0.00029539569483817555,9.167330020823367e-11,82
118,0.0003036589234912218,0.00029162381140990695,1.4484392280981074e-10,81
119,0.00030121968435847893,0.0002879313152361901,1.7658075393019997e-10,80
120,0.00030116960187643254,0.0002843158891949484,2.840476311500192e-10,79
121,0.0002996924320215316,0.0002807753023465389,3.5785779514049005e-10,79
122,0.00029270575440686574,0.0002773074060496063,2.3710913213151485e-10,78
123,0.0002921179190896914,0.0002739101302820833,3.3152357326245916e-10,78
124,0.00029194931161974916,0.0002705814801549378,4.5658422150858136e-10,77
125,0.0002903639885918856,0.000267319532607111,5.310469516342152e-10,77
126,0.0002903417353943708,0.00026412243327086807,6.87451803843514e-10,77
127,0.00028974614548566807,0.0002609883934975056,8.270082994126622e-10,77
128,0.0002897238922881532,0.00025791568753402624,1.0117618896804667e-09,77
129,0.00028942466729962835,0.0002549026498420082,1.1917696893442298e-09,77
130,0.0002889841221437755,0.00025194767255047243,1.3716985984772793e-09,77
131,0.00028896186894626066,0.0002490492030350807,1.593020900137466e-09,77
132,0.0002845917676468181,0.0002462057416164903,1.4734869944009996e-09,76
133,0.00028044647498524683,0.0002434158393711507,1.371267973983964e-09,75
134,0.00028044647498524683,0.00024067809604825258,1.581523963276368e-09,75
135,0.0002810905783784985,0.0002379911580869347,1.8575600294688604e-09,74
136,0.0002749306877777828,0.0002353537167282232,1.5663366374576785e-09,73
137,0.0002747490588724695,0.00023276450621652057,1.7627026617201458e-09,73
138,0.00027348981545089065,0.00023022230208577835,1.872077712800171e-09,73
139,0.0002733763722914301,0.00022772591952578878,2.0839638377080476e-09,73
140,0.0002686858495525836,0.00022527421182430416,1.884570290251376e-09,72
141,0.00026583491978285486,0.00022286606888095284,1.8463221478298864e-09,71
142,0.0002646930513265694,0.00022050041578916172,1.952989035742147e-09,70
143,0.00025932610234264824,0.00021817621148251978,1.6933135178004837e-09,69
144,0.0002539908818060124,0.00021589244744222859,1.4514907009715418e-09,67
145,0.0002534777681214831,0.00021364814646248058,1.5863987614992813e-09,67
146,0.00025048913492446673,0.00021144236147079145,1.524650517142641e-09,65
147,0.00025048913492446673,0.00020927417440048346,1.6986729709934992e-09,65
148,0.00024437880379963705,0.00020714269511267852,1.3865277901469884e-09,64
149,0.000244352030421377,0.00020504706036530914,1.5448806711083904e-09,64
150,0.00024393059001795095,0.0002029864328267983,1.6764240080938175e-09,64
151,0.0002426772564447281,0.0002009600001321894,1.7403294742460494e-09,64
152,0.00024065556008674233,0.00019896697397963286,1.7379382116098808e-09,63
153,0.00023732087552283458,0.0001970065892652524,1.6252416764582795e-09,62
154,0.00023499973679772605,0.00019507810325452112,1.593736824757945e-09,61
155,0.00023663993432469145,0.00019318079478838294,1.8886968092363336e-09,60
156,0.00023661137605454738,0.0001913139635224479,2.0518555821032036e-09,60
157,0.00023641584757488147,0.0001894769291976834,2.2032620584212635e-09,59
158,0.00023520973323063577,0.00018766903094110553,2.2601183741817456e-09,59
159,0.00023520973323063577,0.0001858896265950564,2.432472918544921e-09,59
160,0.00023497739476166713,0.00018413809207372755,2.5846346977959403e-09,59
161,0.00023483703288640234,0.00018241382074566113,2.7481931711531564e-09,59
162,0.0002337312542018303,0.00018071622284102567,2.8105935501870994e-09,59
163,0.00023370221189320924,0.0001790447248825274,2.987440886322854e-09,59
164,0.000233030868327228,0.0001773987691388762,3.0949304601026128e-09,59
165,0.000233030868327228,0.00017577781309978133,3.2779123328770584e-09,59
166,0.0002328545798718609,0.0001741813289715043,3.442550371216195e-09,59
167,0.00023279649525461874,0.000172608803192046,3.622558275819081e-09,59
168,0.0002327384106373766,0.0001710597359650914,3.804258909329596e-09,59
169,0.00023152822358055356,0.00016953364081188023,3.843328292661888e-09,59
170,0.0002291734448251082,0.000168030044140212,3.738515447313765e-09,58
171,0.0002290306629175112,0.00016654848482983468,3.904022578580123e-09,58
172,0.0002290306629175112,0.0001650885138335026,4.08859842948158e-09,58
173,0.00022900111987943114,0.00016364969379302423,4.2708088915271056e-09,58
174,0.00022820805675871603,0.0001622315986696539,4.352893021977772e-09,58
175,0.00022639824795315955,0.0001608338133882126,4.298695079821212e-09,57
176,0.00022121010406510457,0.0001594559334943535,3.813577582881417e-09,55
177,0.0002205109031168993,0.00015809756482441467,3.8954247968121295e-09,55
178,0.00022039148758177247,0.0001567583231873286,4.049179610850318e-09,55
179,0.00022039148758177247,0.00015543783405808426,4.218977106075334e-09,55
180,0.00022036033310525167,0.00015413573228225912,4.3856977541647055e-09,55
181,0.0002195067457376215,0.00015285166179116407,4.442900215909289e-09,55
182,0.0002157045276632874,0.00015158527532716195,4.1112785201437296e-09,54
183,0.0002147587189166924,0.0001503362341787449,4.150256539811078e-09,53
184,0.00021472638879954813,0.0001491042079249709,4.306270622735731e-09,53
185,0.00021380238094698668,0.00014788887418888146,4.344590373150783e-09,53
186,0.00021351454364340193,0.00014668991839953747,4.465530538982928e-09,53
187,0.00021147760728437004,0.00014550703356232803,4.35211659721538e-09,51
188,0.00021144400931949467,0.00014433992003722227,4.502958798403186e-09,51
189,0.00021144400931949467,0.00014318828532464833,4.658843858060642e-09,51
190,0.0002094152956041978,0.00014205184385869933,4.537834631068099e-09,50
191,0.0002093810256800249,0.00014093031680737818,4.685499545167838e-09,50
192,0.00020754436017046286,0.00013982343187960602,4.586124128575375e-09,49
193,0.00020685398792756626,0.00013873092313873185,4.6407519562237304e-09,48
194,0.00020600279683640903,0.0001376525308222922,4.671758864200534e-09,48
195,0.00020349303557766222,0.00013658800116777962,4.476283629387575e-09,48
196,0.00020349303557766222,0.00013553708624419088,4.618011049813324e-09,48
197,0.00020342163990230206,0.00013449954378913465,4.750255332632686e-09,48
198,0.00020338594206462197,0.00013347513705128753,4.887520657612467e-09,48
199,0.00020335024422694188,0.00013246363463799782,5.024911419015376e-09,48
200,0.00020256991357890913,0.00013146481036784282,5.055935702656393e-09,48
201,0.0002012404703040184,0.00013047844312795602,5.007264490065791e-09,47
202,0.00019756627738893743,0.00012950431673594597,4.632430487929358e-09,46
203,0.00019729760812962343,0.00012854221980623817,4.727303423499503e-09,46
204,0.0001972603582120442,0.00012759194562067625,4.853687713001075e-09,46
205,0.00019490972913608883,0.00012665329200322792,4.658941210072193e-09,46
206,0.0001867968413884603,0.00012572606119864497,3.72964019299274e-09,44
207,0.0001866800121015073,0.00012481005975493477,3.827891003367154e-09,44
208,0.00018884250656954713,0.0001239050984095059,4.216866978543787e-09,43
209,0.00018868976576880343,0.00012301099197885545,4.3137013265511565e-09,43
210,0.0001886499170197652,0.00012212755925167205,4.425224083026184e-09,43
211,0.00018423814503655133,0.00012125462288523276,3.966924062585636e-09,42
212,0.00018419734750777411,0.00012039200930497802,4.07112118317319e-09,42
213,0.00018415654997899688,0.00011953954860715159,4.1753568662890555e-09,42
214,0.00018415654997899688,0.00011869707446439921,4.284942934646212e-09,42
215,0.00018243183882050393,0.00011786442403422189,4.168951052183793e-09,41
216,0.00018222985465853758,0.00011704143787018535,4.249529683371923e-09,41
217,0.00018222985465853758,0.00011622795983578966,4.356250120193078e-09,41
218,0.00018078410936365493,0.00011542383702090839,4.2719652007179975e-09,40
219,0.00018074127195843887,0.00011462891966070829,4.370843126339241e-09,40
220,0.00017214793488716962,0.00011384306105696569,3.3994583123559993e-09,39
221,0.00017146652075201993,0.00011306611750169814,3.4106070998001957e-09,38
222,0.00017146652075201993,0.00011229794820303249,3.50091997748479e-09,38
223,0.0001714214287465293,0.000111538415213235,3.5859753098287083e-09,38
224,0.00016972161580235774,0.00011078738335883051,3.4732437537076967e-09,38
225,0.00016972161580235774,0.00011004472017274111,3.5613318719881563e-09,38
226,0.00016310267960927907,0.00010931029582837763,2.8936205528317887e-09,36
227,0.00016172267386117936,0.00010858398307561885,2.823720458403414e-09,35
228,0.00015822016221750794,0.00010786565717861683,2.53557617771171e-09,34
229,0.00015822016221750794,0.00010715519585536822,2.607630789566461e-09,34
230,0.0001573499914472922,0.0001064524792189941,2.590556751029755e-09,34
231,0.0001573499914472922,0.00010575738972067278,2.661796552921573e-09,34
232,0.00015050712284019882,0.0001050698120941723,2.0645492078309768e-09,33
233,0.00015008069004816585,0.00010438963330193076,2.0876726665876754e-09,33
234,0.00015008069004816585,0.00010371674248263524,2.149615633859272e-09,33
235,0.00015008069004816585,0.00010305103090025134,2.211788839569019e-09,33
236,0.00014997684179309653,0.00010239239189445702,2.264279872156134e-09,33
237,0.00014997684179309653,0.00010174072083243671,2.326723365331406e-09,33
238,0.0001497778159012184,0.00010109591506199232,2.3699274693202424e-09,33
239,0.0001497778159012184,0.00010045787386593026,2.432456682364183e-09,33
240,0.0001497778159012184,9.982649841768442e-05,2.495134118340809e-09,33
241,0.0001497778159012184,9.92016917381363e-05,2.557944335359499e-09,33
242,0.0001497778159012184,9.85833586535959e-05,2.6208724528786487e-09,33
243,0.00014972589177368375,9.797140575490682e-05,2.6785268230677773e-09,33
244,0.00014972589177368375,9.736574135764145e-05,2.7415853515905744e-09,33
245,0.00014967396764614912,9.676627546335265e-05,2.799223892109543e-09,33
246,0.00014967396764614912,9.61729197218498e-05,2.862362128998173e-09,33
247,0.00014727880487289477,9.558558739446818e-05,2.6721887332719083e-09,32
248,0.00014651681205995096,9.500419331830128e-05,2.6535498896225574e-09,32
249,0.00014651681205995096,9.442865387136763e-05,2.713176223478881e-09,32
250,0.00014631156660895164,9.385888693868341e-05,2.7512836045917705e-09,32
251,0.00014625801985243154,9.329481187921436e-05,2.805101398814256e-09,32
252,0.00014625801985243154,9.273634949368047e-05,2.864569197990813e-09,32
253,0.000140595381253978,9.21834219931882e-05,2.34371779946837e-09,31
254,0.00014054010718273142,9.163595296866599e-05,2.3916162993930936e-09,31
255,0.00014054010718273142,9.109386736107914e-05,2.444930632500352e-09,31
256,0.00013629913353033394,9.055709143240145e-05,2.0923344152890284e-09,30
257,0.00013629913353033394,9.002555273732136e-05,2.1412442794074632e-09,30
258,0.00013484845643692156,8.94991800956614e-05,2.056556864675979e-09,30
259,0.0001260264702263567,8.897790356549007e-05,1.3725962916246772e-09,28
260,0.0001260264702263567,8.84616544169065e-05,1.4111153867979192e-09,28
261,0.0001260264702263567,8.795036510647809e-05,1.4497897811000454e-09,28
262,0.00011966050903583107,8.744396925231285e-05,1.0379054356230122e-09,27
263,0.00011959704621328869,8.694240160974812e-05,1.066325814183541e-09,27
264,0.00011959704621328869,8.644559804763834e-05,1.099018515479802e-09,27
265,0.0001235446708283301,8.59534955252244e-05,1.4130964606688233e-09,26
266,0.0001235446708283301,8.546603206956906e-05,1.4499827297202183e-09,26
267,0.00011635481490969137,8.498314675354148e-05,9.841815628995885e-10,25
268,0.00011635481490969137,8.450477967433649e-05,1.0144247444933472e-09,25
269,0.00011466175375508316,8.403087193251289e-05,9.382509212282657e-10,25
270,0.00011466175375508316,8.356136561153678e-05,9.672341426792403e-10,25
271,0.00011466175375508316,8.309620375781592e-05,9.963839466299777e-10,25
272,0.00011466175375508316,8.263533036121134e-05,1.0256917954035403e-09,25
273,0.00011452467405839165,8.217869033601346e-05,1.046262662968355e-09,25
274,0.00011426195988111255,8.172622950236942e-05,1.0585737512782688e-09,25
275,0.00011426195988111255,8.127789456815012e-05,1.0879485645697714e-09,25
276,0.00011426195988111255,8.083363311124418e-05,1.1174530306330984e-09,25
277,0.00011419342003276681,8.039339356226787e-05,1.1424417894064288e-09,25
278,0.00011419342003276681,7.995712518767942e-05,1.1721238847197577e-09,25
279,0.00011419342003276681,7.952477807328704e-05,1.2019147353146013e-09,25
280,0.00011419342003276681,7.909630310814007e-05,1.2318076164209207e-09,25
281,0.00011419342003276681,7.867165196879279e-05,1.2617960063907646e-09,25
282,0.00011369906859562904,7.825077710393147e-05,1.2565813696803579e-09,25
283,0.0001136305287472833,7.783363171935449e-05,1.281417836828138e-09,25
284,0.0001136305287472833,7.742016976329652e-05,1.3111900977491918e-09,25
285,0.0001136305287472833,7.701034591208767e-05,1.3410377908831568e-09,25
286,0.00011356198889893756,7.660411555613865e-05,1.3658844020223662e-09,25
287,0.00011349344905059179,7.620143478624386e-05,1.3906943278923295e-09,25
288,0.00010697629645190351,7.580226038019324e-05,9.718205250002933e-10,24
289,0.00010697629645190351,7.540654978968614e-05,9.96648904316585e-10,24
290,0.00010697629645190351,7.501426112753802e-05,1.0215717020759875e-09,24
291,0.00010670263585057113,7.46253531551737e-05,1.0289520651204433e-09,24
292,0.00010670263585057113,7.423978527039863e-05,1.053836667790606e-09,24
293,0.0001065598444998508,7.385751749544212e-05,1.0694421915032767e-09,24
294,0.0001065598444998508,7.347851046526476e-05,1.0943746615078602e-09,24
295,0.0001065598444998508,7.310272541612386e-05,1.1193788173826848e-09,24
296,0.00010648844882449064,7.273012417438993e-05,1.139624483181597e-09,24
297,0.00010641705314913046,7.236066914560835e-05,1.1598372913953566e-09,24
298,0.00010641705314913046,7.199432330379959e-05,1.184924330004633e-09,24
299,0.00010634565747377029,7.163105018099223e-05,1.2051039594917994e-09,24
300,0.00010634565747377029,7.127081385698305e-05,1.2302446547420804e-09,24
301,0.00010634565747377029,7.091357894931818e-05,1.2554321885629407e-09,24
302,0.00010139753063163685,7.05593106034902e-05,9.509958145043854e-10,24
303,0.00010139753063163685,7.020797448334563e-05,9.727884127274102e-10,24
304,9.969514844932239e-05,6.985953676169773e-05,8.901637247747248e-10,24
305,9.942148784798999e-05,6.951396411113932e-05,8.94459976070286e-10,24
306,9.738097050691677e-05,6.917122369505104e-05,7.957898151895685e-10,24
307,9.738097050691677e-05,6.883128315880016e-05,8.150846476752092e-10,24
308,9.738097050691677e-05,6.849411062112507e-05,8.344506740613618e-10,24
309,9.730957483155661e-05,6.815967466570131e-05,8.497166796793305e-10,24
310,9.694759472080595e-05,6.782794433288453e-05,8.479540387147721e-10,24
311,9.694759472080595e-05,6.749888911162604e-05,8.672262620561444e-10,24
312,9.687619904544577e-05,6.717247893155705e-05,8.823109886042374e-10,24
313,9.680480337008562e-05,6.684868415523731e-05,8.973690784142037e-10,24
314,9.680480337008562e-05,6.652747557056448e-05,9.167165786796555e-10,24
315,9.680480337008562e-05,6.62088243833399e-05,9.361139301573853e-10,24
316,9.680480337008562e-05,6.589270220998787e-05,9.555579981321163e-10,24
317,9.680480337008562e-05,6.557908107042391e-05,9.750457331355903e-10,24
318,9.673340769472544e-05,6.52679333810692e-05,9.90076073783361e-10,24
319,9.673340769472544e-05,6.495923194800719e-05,1.0095982443833386e-09,24
320,9.673340769472544e-05,6.465294996027958e-05,1.0291557684515675e-09,24
321,9.645974709339306e-05,6.434906098331798e-05,1.0310961624597683e-09,24
322,9.63883514180329e-05,6.404753895250836e-05,1.0459281509302272e-09,24
323,9.63883514180329e-05,6.3748358166885e-05,1.0653691594349804e-09,24
324,9.63883514180329e-05,6.345149328295116e-05,1.0848366238105e-09,24
325,9.972639575363752e-05,6.31569193086233e-05,1.3373266074624495e-09,23
326,8.652716049411959e-05,6.28646115972963e-05,5.599162202945531e-10,22
327,8.652716049411959e-05,6.257454584202658e-05,5.737277486716606e-10,22
328,8.644927430281759e-05,6.228669806983069e-05,5.838300902149031e-10,22
329,8.644927430281759e-05,6.200104463609653e-05,5.977159338367397e-10,22
330,8.644927430281759e-05,6.171756221910484e-05,6.116575825916631e-10,22
331,8.644927430281759e-05,6.143622781465833e-05,6.25652494618816e-10,22
332,8.578502885323482e-05,6.115701873081591e-05,6.06538882589968e-10,22
333,8.518235112196799e-05,6.087991258273005e-05,5.906085189534377e-10,22
334,8.518235112196799e-05,6.060488728758437e-05,6.040517285304348e-10,22
335,8.518235112196799e-05,6.033192105962986e-05,6.175438742831588e-10,22
336,8.510446493066599e-05,6.006099240531688e-05,6.27175516127916e-10,22
337,8.502657873936402e-05,5.979208011852138e-05,6.367799206453089e-10,22
338,8.502657873936402e-05,5.952516327586287e-05,6.503221906420954e-10,22
339,8.502657873936402e-05,5.926022123211228e-05,6.639051791915081e-10,22
340,8.502657873936402e-05,5.8997233615687584e-05,6.775268075674582e-10,22
341,8.487080635676e-05,5.873618032423553e-05,6.830186778599057e-10,22
342,8.487080635676e-05,5.847704152029725e-05,6.966308222424977e-10,22
343,8.487080635676e-05,5.821979762705612e-05,7.102762663107525e-10,22
344,8.51060687397129e-05,5.796442932416608e-05,7.366685901635651e-10,21
345,8.443596006651826e-05,5.771091754365855e-05,7.142278978486593e-10,21
346,8.443596006651826e-05,5.745924346592634e-05,7.277432385486514e-10,21
347,8.435436500896378e-05,5.7209388515782785e-05,7.368497488153489e-10,21
348,8.435436500896378e-05,5.69613343585947e-05,7.503781282120601e-10,21
349,8.435436500896378e-05,5.671506289648716e-05,7.639310212647546e-10,21
350,8.404161003601249e-05,5.647055626461913e-05,7.601630060650637e-10,21
351,8.404161003601249e-05,5.622779682752785e-05,7.736082051964743e-10,21
352,8.396001497845801e-05,5.598676717554093e-05,7.825025926434053e-10,21
353,8.396001497845801e-05,5.5747450121254546e-05,7.959488158219119e-10,21
354,8.396001497845801e-05,5.550982869607627e-05,8.094130995022221e-10,21
355,8.396001497845801e-05,5.527388614683141e-05,8.228939873446791e-10,21
356,8.396001497845801e-05,5.503960593243117e-05,8.363900593895111e-10,21
357,8.387841992090354e-05,5.480697172060167e-05,8.451491004628345e-10,21
358,8.387841992090354e-05,5.457596738467241e-05,8.586337246380781e-10,21
359,8.387841992090354e-05,5.434657700042278e-05,8.721297462799493e-10,21
360,8.387841992090354e-05,5.411878484298569e-05,8.856358799708382e-10,21
361,8.193284028397273e-05,5.389257538380699e-05,7.86256455671467e-10,21
362,8.185124522641825e-05,5.366793328765947e-05,7.94299071837383e-10,21
363,8.185124522641825e-05,5.344484340971042e-05,8.069236641722618e-10,21
364,8.185124522641825e-05,5.322329079264154e-05,8.195597750623952e-10,21
365,8.069011332098006e-05,5.3003260663820316e-05,7.665618100592734e-10,21
366,8.069011332098006e-05,5.278473843252148e-05,7.787099476654146e-10,21
367,8.069011332098006e-05,5.2567709687197884e-05,7.908695861413648e-10,21
368,8.069011332098006e-05,5.235216019279958e-05,8.030395874949536e-10,21
369,6.885542937199562e-05,5.2138075888140066e-05,2.7946990750417733e-10,20
370,6.842105323909482e-05,5.1925442883308994e-05,2.7210516100990843e-10,20
371,6.842105323909482e-05,5.171424745713014e-05,2.7911735943628834e-10,20
372,6.842105323909482e-05,5.1504476054663856e-05,2.8617058363681005e-10,20
373,6.842105323909482e-05,5.129611528475309e-05,2.9326349994005376e-10,20
374,6.842105323909482e-05,5.108915191761213e-05,3.003948034176133e-10,20
375,6.833537842866262e-05,5.0883572882457036e-05,3.0456551682257206e-10,20
376,6.833537842866262e-05,5.06793652651773e-05,3.117348008291671e-10,20
377,6.833537842866262e-05,5.0476516306047445e-05,3.1893895631457904e-10,20
378,6.833537842866262e-05,5.027501339747818e-05,3.261767850596299e-10,20
379,6.833537842866262e-05,5.007484408180608e-05,3.3344711463272746e-10,20
380,6.782797588485039e-05,4.987599604912112e-05,3.2227358002243023e-10,19
381,6.762947252553328e-05,4.9678457135131325e-05,3.222389535464479e-10,18
382,6.762947252553328e-05,4.948221531906374e-05,3.293229441177608e-10,18
383,6.762947252553328e-05,4.9287258721601086e-05,3.364368072291608e-10,18
384,6.753427829171973e-05,4.9093575602853405e-05,3.400595156591616e-10,18
385,6.753427829171973e-05,4.890115436036392e-05,3.471933074412645e-10,18
386,6.716939748994322e-05,4.87099835271485e-05,3.407499638498205e-10,18
387,6.716939748994322e-05,4.852005176976814e-05,3.477980957906123e-10,18
388,6.716939748994322e-05,4.8331347886433774e-05,3.5487211286428226e-10,18
389,6.716939748994322e-05,4.8143860805142644e-05,3.6197104614469233e-10,18
390,6.707420325612966e-05,4.795757958184594e-05,3.6544530070418497e-10,18
391,6.707420325612966e-05,4.777249339864678e-05,3.7255600342245195e-10,18
392,6.707420325612966e-05,4.758859156202825e-05,3.7968906309330167e-10,18
393,6.707420325612966e-05,4.740586350111053e-05,3.86843588718866e-10,18
394,6.707420325612966e-05,4.7224298765937155e-05,3.9401870826976464e-10,18
395,6.697900902231611e-05,4.704388702578911e-05,3.974090890164147e-10,18
396,6.697900902231611e-05,4.686461806752694e-05,4.0458872348210435e-10,18
397,6.697900902231611e-05,4.668648179395987e-05,4.1178666131357924e-10,18
398,6.697900902231611e-05,4.6509468222241596e-05,4.190021005659151e-10,18
399,6.697900902231611e-05,4.633356748229226e-05,4.262342563825422e-10,18
400,6.697900902231611e-05,4.615876981524611e-05,4.334823606396148e-10,18
401,6.688381478850257e-05,4.598506557192429e-05,4.3675771881743124e-10,18
402,6.688381478850257e-05,4.581244521133239e-05,4.44002615857693e-10,18
403,6.688381478850257e-05,4.5640899299182245e-05,4.5126145848640526e-10,18
404,6.688381478850257e-05,4.547041850643749e-05,4.585335403327585e-10,18
405,6.688381478850257e-05,4.530099360788258e-05,4.658181701146188e-10,18
406,6.688381478850257e-05,4.513261548071463e-05,4.731146713271143e-10,18
407,6.688381478850257e-05,4.496527510315785e-05,4.804223819380312e-10,18
408,6.678862055468901e-05,4.479896355310001e-05,4.835450150475324e-10,18
409,6.678862055468901e-05,4.4633672006750625e-05,4.908417451617973e-10,18
410,6.605201443869623e-05,4.446939173732044e-05,4.658096026699417e-10,18
411,6.605201443869623e-05,4.4306114113721855e-05,4.728841809437208e-10,18
412,6.605201443869623e-05,4.4143830599289706e-05,4.799685191412334e-10,18
413,6.848819975295025e-05,4.398253275052242e-05,6.005277152338801e-10,17
414,6.838740585832414e-05,4.3822212215842855e-05,6.034487386926031e-10,17
415,6.838740585832414e-05,4.366286073437847e-05,6.113031315860258e-10,17
416,6.838740585832414e-05,4.350447013476073e-05,6.191604902229884e-10,17
417,6.838740585832414e-05,4.3347032333943184e-05,6.270203062405188e-10,17
418,6.838740585832414e-05,4.319053933603788e-05,6.348820825419104e-10,17
419,6.838740585832414e-05,4.303498323116996e-05,6.427453330658394e-10,17
420,6.838740585832414e-05,4.288035619434988e-05,6.506095825604497e-10,17
421,6.790026758534642e-05,4.272665048436314e-05,6.337109979469175e-10,17
422,6.790026758534642e-05,4.257385844267713e-05,6.414270000618822e-10,17
423,6.790026758534642e-05,4.242197249236472e-05,6.491435208450552e-10,17
424,6.790026758534642e-05,4.227098513704444e-05,6.568601188148399e-10,17
425,6.790026758534642e-05,4.212088895983684e-05,6.645763623173801e-10,17
426,6.790026758534642e-05,4.197167662233684e-05,6.722918293270617e-10,17
427,6.790026758534642e-05,4.182334086360167e-05,6.800061072512452e-10,17
428,6.790026758534642e-05,4.1675874499154247e-05,6.877187927391236e-10,17
429,6.790026758534642e-05,4.152927042000163e-05,6.954294914946226e-10,17
430,6.523945529058086e-05,4.1383521591668355e-05,5.691055726469093e-10,17
431,6.523945529058086e-05,4.1238621053244375e-05,5.760400440881033e-10,17
432,6.523945529058086e-05,4.109456191644726e-05,5.829758760482806e-10,17
433,6.523945529058086e-05,4.095133736469859e-05,5.899126723815637e-10,17
434,6.523945529058086e-05,4.080894065221416e-05,5.968500454954496e-10,17
435,6.523945529058086e-05,4.0667365103107695e-05,6.03787616181315e-10,17
436,6.523945529058086e-05,4.052660411050816e-05,6.107250134484209e-10,17
437,6.523945529058086e-05,4.0386651135689904e-05,6.176618743613652e-10,17
438,6.513866139595475e-05,4.024749970721609e-05,6.195699302149313e-10,17
439,6.513866139595475e-05,4.010914342009447e-05,6.264767701039131e-10,17
440,6.513866139595475e-05,3.9971575934945874e-05,6.333821906017245e-10,17
441,6.26345044204141e-05,3.983479097718488e-05,5.198269330933672e-10,17
442,6.26345044204141e-05,3.9698782336212575e-05,5.260473475237295e-10,17
443,6.19075170128586e-05,3.9563543864621125e-05,4.99253136049157e-10,17
444,6.19075170128586e-05,3.942906947741002e-05,5.05280603603914e-10,17
445,6.19075170128586e-05,3.929535315121386e-05,5.11309954505872e-10,17
446,5.879161918322998e-05,3.916238892354126e-05,3.853066805878791e-10,16
447,5.879161918322998e-05,3.903017089202494e-05,3.9051483856597046e-10,16
448,5.868452567018974e-05,3.8898693213682663e-05,3.914791659969688e-10,16
449,5.868452567018974e-05,3.87679501041889e-05,3.9666998227622175e-10,16
450,5.868452567018974e-05,3.863793583715704e-05,4.0186576393385004e-10,16
451,5.71605400443021e-05,3.850864474343187e-05,3.4789319831462484e-10,16
452,5.71605400443021e-05,3.83800712103924e-05,3.5270600962145343e-10,16
453,5.71605400443021e-05,3.825220968126451e-05,3.575249571177692e-10,16
454,5.71605400443021e-05,3.8125054654443594e-05,3.623497040275166e-10,16
455,5.655081684144475e-05,3.7998600682826834e-05,3.441847243960837e-10,15
456,5.655081684144475e-05,3.7872842373155e-05,3.4886673023808374e-10,15
457,5.655081684144475e-05,3.774777438536361e-05,3.535544056051899e-10,15
458,5.655081684144475e-05,3.762339143194336e-05,3.582474326322389e-10,15
459,5.655081684144475e-05,3.749968827730955e-05,3.6294549956720813e-10,15
460,5.655081684144475e-05,3.7376659737180484e-05,3.676483006590078e-10,15
461,5.655081684144475e-05,3.725430067796462e-05,3.723555360474498e-10,15
462,5.655081684144475e-05,3.713260601615633e-05,3.770669116553485e-10,15
463,5.655081684144475e-05,3.701157071774019e-05,3.8178213908270356e-10,15
464,5.655081684144475e-05,3.689118979760365e-05,3.8650093550292844e-10,15
465,5.611295987931293e-05,3.677145831895779e-05,3.7409368260922037e-10,15
466,5.227514032050731e-05,3.665237139276633e-05,2.440709089695892e-10,14
467,5.227514032050731e-05,3.6533924177182465e-05,2.477858856708708e-10,14
468,5.165460298779187e-05,3.6416111876993636e-05,2.322116113338768e-10,14
469,5.165460298779187e-05,3.629892974307392e-05,2.357967007985466e-10,14
470,5.1532210401460164e-05,3.6182373071844014e-05,2.356175060456775e-10,14
471,5.1532210401460164e-05,3.606643720473873e-05,2.391901405724271e-10,14
472,5.1532210401460164e-05,3.595111752768177e-05,2.4277045514130793e-10,14
473,5.1532210401460164e-05,3.583640947056778e-05,2.463581668622023e-10,14
474,5.1532210401460164e-05,3.572230850675147e-05,2.4995299792031354e-10,14
475,5.1532210401460164e-05,3.5608810152543754e-05,2.535546754871912e-10,14
476,5.1532210401460164e-05,3.549590996671474e-05,2.571629316334162e-10,14
477,5.1532210401460164e-05,3.53836035500036e-05,2.6077750324291e-10,14
478,5.1532210401460164e-05,3.5271886544634974e-05,2.6439813192883845e-10,14
479,5.1532210401460164e-05,3.516075463384205e-05,2.680245639510764e-10,14
480,5.1532210401460164e-05,3.505020354139606e-05,2.716565501352003e-10,14
481,5.1532210401460164e-05,3.494022903114214e-05,2.752938457929803e-10,14
482,5.1532210401460164e-05,3.48308269065415e-05,2.7893621064434153e-10,14
483,5.1532210401460164e-05,3.472199301021969e-05,2.825834087407638e-10,14
484,5.1532210401460164e-05,3.461372322352099e-05,2.8623520839009224e-10,14
485,5.140981781512845e-05,3.450601346606879e-05,2.8573860147128843e-10,14
486,5.140981781512845e-05,3.439885969533177e-05,2.8937269615347676e-10,14
487,5.140981781512845e-05,3.4292257906196016e-05,2.93010857235891e-10,14
488,5.140981781512845e-05,3.41862041305427e-05,2.9665286835584967e-10,14
489,5.140981781512845e-05,3.4080694436831456e-05,3.0029851706023946e-10,14
490,5.140981781512845e-05,3.3975724929689295e-05,3.039475947381202e-10,14
491,5.1287425228796746e-05,3.387129174950492e-05,3.0332170536850957e-10,14
492,5.1287425228796746e-05,3.376739107202845e-05,3.0695159685432783e-10,14
493,5.1287425228796746e-05,3.3664019107976386e-05,3.1058444329936854e-10,14
494,5.1287425228796746e-05,3.356117210264185e-05,3.1422004989251625e-10,14
495,5.1287425228796746e-05,3.345884633550982e-05,3.1785822535415596e-10,14
496,5.1287425228796746e-05,3.3357038119877595e-05,3.214987818756941e-10,14
497,5.1287425228796746e-05,3.325574380248003e-05,3.251415350601753e-10,14
498,5.116503264246503e-05,3.315495976311983e-05,3.243627251193254e-10,14
499,5.116503264246503e-05,3.305468241430257e-05,3.27984785386704e-10,14
500,5.285661050227381e-05,3.2954908200876507e-05,3.9607775449344283e-10,13
501,5.285661050227381e-05,3.285563359967703e-05,4.000390770582101e-10,13
502,5.285661050227381e-05,3.2756855119175776e-05,4.0400016646037854e-10,13
503,5.285661050227381e-05,3.2658569299134254e-05,4.079608684437233e-10,13
504,5.285661050227381e-05,3.25607727102619e-05,4.1192103167965904e-10,13
505,5.285661050227381e-05,3.246346195387863e-05,4.1588050771691256e-10,13
506,5.285661050227381e-05,3.236663366158165e-05,4.198391509321012e-10,13
507,5.285661050227381e-05,3.2270284494916585e-05,4.2379681848119256e-10,13
508,5.285661050227381e-05,3.2174411145052784e-05,4.277533702518339e-10,13
509,5.285661050227381e-05,3.2079010332462834e-05,4.3170866881652925e-10,13
510,5.27248031016089e-05,3.1984078806606115e-05,4.3017764428131887e-10,13
511,5.27248031016089e-05,3.1889613345616394e-05,4.341051321682151e-10,13
512,5.27248031016089e-05,3.179561075599339e-05,4.3803109223977094e-10,13
513,5.27248031016089e-05,3.170206787229827e-05,4.4195539652169826e-10,13
514,5.27248031016089e-05,3.160898155685297e-05,4.458779195099789e-10,13
515,5.27248031016089e-05,3.1516348699443324e-05,4.4979853812873645e-10,13
516,5.27248031016089e-05,3.142416621702596e-05,4.537171316888554e-10,13
517,5.27248031016089e-05,3.1332431053438865e-05,4.576335818473267e-10,13
518,5.27248031016089e-05,3.124114017911556e-05,4.6154777256731506e-10,13
519,5.2592995700943985e-05,3.115029059080293e-05,4.5978960244046927e-10,13
520,5.2592995700943985e-05,3.1059879311282494e-05,4.636751014507083e-10,13
521,5.2592995700943985e-05,3.096990338909522e-05,4.675581211267331e-10,13
522,5.2592995700943985e-05,3.088035989826979e-05,4.714385534995692e-10,13
523,5.2592995700943985e-05,3.079124593805414e-05,4.753162927236674e-10,13
524,5.2592995700943985e-05,3.070255863265045e-05,4.791912350409196e-10,13
525,5.2592995700943985e-05,3.061429513095337e-05,4.830632787453058e-10,13
526,5.246118830027907e-05,3.0526452606291454e-05,4.811326299650942e-10,13
527,5.195596872858851e-05,3.0439028256171848e-05,4.6297872729352213e-10,13
528,5.195596872858851e-05,3.0352019302028082e-05,4.667306308253807e-10,13
529,5.037465582946425e-05,3.026542298897097e-05,4.043812454331735e-10,12
530,5.037465582946425e-05,3.0179236585542586e-05,4.0785495843776153e-10,12
531,5.037465582946425e-05,3.009345738347324e-05,4.113270104056682e-10,12
532,5.037465582946425e-05,3.000808269744141e-05,4.147973011420348e-10,12
533,4.9269746655475084e-05,2.9923109864836668e-05,3.742923551088839e-10,12
534,4.9269746655475084e-05,2.9838536245525403e-05,3.7757193799573686e-10,12
535,4.9269746655475084e-05,2.9754359221619464e-05,3.8085034669348983e-10,12
536,4.9269746655475084e-05,2.9670576197247605e-05,3.8412748265065673e-10,12
537,4.9269746655475084e-05,2.958718459832964e-05,3.8740324913338146e-10,12
538,4.9269746655475084e-05,2.9504181872353418e-05,3.906775511957794e-10,12
539,4.912695530475476e-05,2.9421565488154422e-05,3.8830238782417625e-10,12
540,4.912695530475476e-05,2.9339332935698045e-05,3.9154999902039363e-10,12
541,4.912695530475476e-05,2.9257481725864498e-05,3.9479598030221814e-10,12
542,4.912695530475476e-05,2.9176009390236283e-05,3.980402428840415e-10,12
543,4.912695530475476e-05,2.9094913480888215e-05,4.012826996331385e-10,12
544,4.912695530475476e-05,2.9014191570179967e-05,4.0452326504282695e-10,12
545,4.912695530475476e-05,2.8933841250551095e-05,4.0776185520607756e-10,12
546,4.912695530475476e-05,2.8853860134318455e-05,4.109983877895678e-10,12
547,4.912695530475476e-05,2.877424585347611e-05,4.1423278200816726e-10,12
548,4.912695530475476e-05,2.8694996059497574e-05,4.1746495859985055e-10,12
549,4.912695530475476e-05,2.861610842314036e-05,4.206948398010311e-10,12
550,4.912695530475476e-05,2.8537580634252922e-05,4.239223493223026e-10,12
551,4.898416395403443e-05,2.8459410401583793e-05,4.2126550838883496e-10,12
552,4.898416395403443e-05,2.8381595452593064e-05,4.2446582885658386e-10,12
553,4.898416395403443e-05,2.8304133533265983e-05,4.276636582039083e-10,12
554,4.898416395403443e-05,2.8227022407928817e-05,4.3085892516506365e-10,12
555,4.898416395403443e-05,2.8150259859066844e-05,4.3405155983830706e-10,12
556,4.898416395403443e-05,2.8073843687144494e-05,4.372414936639079e-10,12
557,4.898416395403443e-05,2.7997771710427518e-05,4.404286594025243e-10,12
558,4.898416395403443e-05,2.792204176480737e-05,4.436129911139308e-10,12
559,4.898416395403443e-05,2.784665170362749e-05,4.467944241361034e-10,12
560,4.898416395403443e-05,2.7771599397511696e-05,4.499728950646445e-10,12
561,4.898416395403443e-05,2.769688273419452e-05,4.531483417325488e-10,12
562,4.898416395403443e-05,2.762249961835355e-05,4.5632070319030043e-10,12
563,4.898416395403443e-05,2.7548447971443663e-05,4.5948991968629717e-10,12
564,4.898416395403443e-05,2.7474725731533203e-05,4.626559326475967e-10,12
565,4.898416395403443e-05,2.7401330853142037e-05,4.658186846609763e-10,12
566,4.898416395403443e-05,2.7328261307081482e-05,4.689781194543036e-10,12
567,4.8841372603314104e-05,2.7255515080296014e-05,4.659492450040366e-10,12
568,4.8841372603314104e-05,2.7183090175706922e-05,4.69081197713998e-10,12
569,4.8841372603314104e-05,2.7110984612057556e-05,4.722097622505468e-10,12
570,4.8841372603314104e-05,2.703919642376054e-05,4.753348861642928e-10,12
571,4.8841372603314104e-05,2.6967723660746593e-05,4.784565180626848e-10,12
572,4.8841372603314104e-05,2.6896564388315096e-05,4.815746075930879e-10,12
573,4.8841372603314104e-05,2.6825716686986424e-05,4.846891054261339e-10,12
574,4.8841372603314104e-05,2.6755178652355842e-05,4.877999632393453e-10,12
575,4.869858125259378e-05,2.6684948394949173e-05,4.846000315911702e-10,12
576,4.869858125259378e-05,2.6615024040079963e-05,4.87683499158371e-10,12
577,4.869858125259378e-05,2.6545403727708404e-05,4.907632744490865e-10,12
578,4.869858125259378e-05,2.6476085612301714e-05,4.938393124827998e-10,12
579,4.5293816887964846e-05,2.6407067862696196e-05,3.5670928874348633e-10,12
580,4.5293816887964846e-05,2.6338348661960717e-05,3.593097756670521e-10,12
581,4.5293816887964846e-05,2.6269926207261873e-05,3.6190841663133744e-10,12
582,4.5293816887964846e-05,2.6201798709730528e-05,3.6450515811802965e-10,12
583,4.5293816887964846e-05,2.6133964394329913e-05,3.6709994757784874e-10,12
584,4.5293816887964846e-05,2.6066421499725162e-05,3.6969273341570064e-10,12
585,4.5293816887964846e-05,2.5999168278154326e-05,3.72283464976063e-10,12
586,4.5293816887964846e-05,2.5932202995300804e-05,3.7487209252860125e-10,12
587,4.5293816887964846e-05,2.586552393016718e-05,3.7745856725401043e-10,12
588,4.515102553724452e-05,2.579912937495049e-05,3.744958850762105e-10,12
589,4.515102553724452e-05,2.573301763491881e-05,3.7705903089478377e-10,12
590,4.515102553724452e-05,2.5667187028289262e-05,3.796199630430479e-10,12
591,4.515102553724452e-05,2.560163588610734e-05,3.821786357319895e-10,12
592,4.515102553724452e-05,2.5536362552127552e-05,3.8473500401971776e-10,12
593,4.515102553724452e-05,2.547136538269539e-05,3.8728902379854876e-10,12
594,4.515102553724452e-05,2.5406642746630574e-05,3.8984065178229217e-10,12
595,4.676892580711301e-05,2.5342193025111596e-05,4.5910487771129404e-10,11
596,4.676892580711301e-05,2.5278014611561514e-05,4.618592640150806e-10,11
597,4.676892580711301e-05,2.521410591153497e-05,4.6461026073080687e-10,11
598,4.661315342450902e-05,2.515046534260648e-05,4.6064697970104136e-10,11
599,4.661315342450902e-05,2.508709133425991e-05,4.633713491132599e-10,11
600,4.661315342450902e-05,2.5023982327779132e-05,4.660923086438772e-10,11
601,4.661315342450902e-05,2.4961136776139924e-05,4.688098249412525e-10,11
602,4.661315342450902e-05,2.4898553143902963e-05,4.715238653464966e-10,11
603,4.661315342450902e-05,2.4836229907108045e-05,4.742343978827317e-10,11
604,4.661315342450902e-05,2.4774165553169393e-05,4.769413912445194e-10,11
605,4.661315342450902e-05,2.47123585807721e-05,4.796448147874537e-10,11
606,4.661315342450902e-05,2.465080749976972e-05,4.82344638517913e-10,11
607,4.661315342450902e-05,2.4589510831082907e-05,4.85040833082973e-10,11
608,4.661315342450902e-05,2.4528467106599165e-05,4.877333697604748e-10,11
609,4.661315342450902e-05,2.4467674869073678e-05,4.904222204492467e-10,11
610,4.661315342450902e-05,2.4407132672031173e-05,4.931073576594768e-10,11
611,4.661315342450902e-05,2.4346839079668845e-05,4.957887545032354e-10,11
612,4.6016075748874724e-05,2.4286792666760305e-05,4.721617432626639e-10,11
613,4.5860303366270735e-05,2.4226992018560567e-05,4.680001598669655e-10,11
614,4.5860303366270735e-05,2.4167435730712007e-05,4.705805062538713e-10,11
615,4.5070528579178346e-05,2.4108122409151365e-05,4.394224724371852e-10,11
616,4.5070528579178346e-05,2.4049050670017667e-05,4.419025334853304e-10,11
617,4.5070528579178346e-05,2.3990219139561185e-05,4.443794460700124e-10,11
618,4.5070528579178346e-05,2.393162645405331e-05,4.4685318305561574e-10,11
619,4.5070528579178346e-05,2.387327125969738e-05,4.493237178682894e-10,11
620,4.5070528579178346e-05,2.3815152212540462e-05,4.517910244874283e-10,11
621,4.5070528579178346e-05,2.375726797838604e-05,4.5425507743728563e-10,11
622,4.5070528579178346e-05,2.369961723270763e-05,4.5671585177871074e-10,11
623,4.5070528579178346e-05,2.3642198660563275e-05,4.5917332310101376e-10,11
624,4.5070528579178346e-05,2.3585010956510976e-05,4.616274675139501e-10,11
625,4.5070528579178346e-05,2.3528052824524935e-05,4.6407826163983e-10,11
626,4.5070528579178346e-05,2.347132297791273e-05,4.665256826057439e-10,11
627,4.491475619657436e-05,2.341482013923336e-05,4.6224725046975146e-10,11
628,4.491475619657436e-05,2.3358543040216024e-05,4.6467032564235606e-10,11
629,4.491475619657436e-05,2.330249042167991e-05,4.670900319246738e-10,11
630,4.491475619657436e-05,2.324666103345468e-05,4.695063479980104e-10,11
631,4.491475619657436e-05,2.319105363430182e-05,4.719192530140864e-10,11
632,4.491475619657436e-05,2.3135666991836828e-05,4.743287265879148e-10,11
633,4.491475619657436e-05,2.3080499882452132e-05,4.767347487907863e-10,11
634,4.491475619657436e-05,2.30255510912409e-05,4.791373001433563e-10,11
635,4.491475619657436e-05,2.2970819411921517e-05,4.8153636160884e-10,11
636,4.491475619657436e-05,2.291630364676291e-05,4.839319145863057e-10,11
637,4.491475619657436e-05,2.2862002606510635e-05,4.863239409040684e-10,11
638,4.491475619657436e-05,2.280791511031368e-05,4.88712422813183e-10,11
639,4.491475619657436e-05,2.2754039985652026e-05,4.910973429810358e-10,11
640,4.491475619657436e-05,2.2700376068264955e-05,4.934786844850276e-10,11
641,3.753072739511147e-05,2.2646922202080115e-05,2.2152765702410717e-10,10
642,3.753072739511147e-05,2.259367723914322e-05,2.231154673619112e-10,10
643,3.753072739511147e-05,2.2540640039548532e-05,2.247027189274079e-10,10
644,3.7359377774247085e-05,2.2487809471370047e-05,2.2116354378713703e-10,10
645,3.7359377774247085e-05,2.2435184410593324e-05,2.2273154755572696e-10,10
646,3.7359377774247085e-05,2.238276374104805e-05,2.242989678994143e-10,10
647,3.7359377774247085e-05,2.2330546354341246e-05,2.2586577384794895e-10,10
648,3.7359377774247085e-05,2.2278531149791185e-05,2.274319349103629e-10,10
649,3.7359377774247085e-05,2.222671703436193e-05,2.2899742106846154e-10,10
650,3.7359377774247085e-05,2.217510292259855e-05,2.3056220277040608e-10,10
651,3.7359377774247085e-05,2.2123687736562992e-05,2.321262509243863e-10,10
652,3.7359377774247085e-05,2.2072470405770575e-05,2.336895368923814e-10,10
653,3.7359377774247085e-05,2.202144986712711e-05,2.3525203248400977e-10,10
654,3.7359377774247085e-05,2.197062506486667e-05,2.368137099504631e-10,10
655,3.7359377774247085e-05,2.191999495048998e-05,2.3837454197852595e-10,10
656,3.7359377774247085e-05,2.1869558482703385e-05,2.3993450168467936e-10,10
657,3.7359377774247085e-05,2.1819314627358454e-05,2.414935626092862e-10,10
658,3.7359377774247085e-05,2.176926235739216e-05,2.430516987108576e-10,10
659,3.7359377774247085e-05,2.1719400652767673e-05,2.4460888436039944e-10,10
660,3.7359377774247085e-05,2.1669728500415712e-05,2.461650943358373e-10,10
661,3.7359377774247085e-05,2.1620244894176504e-05,2.4772030381651885e-10,10
662,3.7359377774247085e-05,2.1570948834742284e-05,2.492744883777927e-10,10
663,3.7359377774247085e-05,2.1521839329600365e-05,2.508276239856628e-10,10
664,3.7359377774247085e-05,2.1472915392976796e-05,2.5237968699151607e-10,10
665,3.7359377774247085e-05,2.142417604578051e-05,2.5393065412692414e-10,10
666,3.7359377774247085e-05,2.137562031554812e-05,2.5548050249851484e-10,10
667,3.7359377774247085e-05,2.132724723638911e-05,2.570292095829182e-10,10
668,3.718802815338269e-05,2.12790558489317e-05,2.5309539978378865e-10,10
669,3.718802815338269e-05,2.123104520026916e-05,2.5462530496595583e-10,10
670,3.718802815338269e-05,2.118321434390664e-05,2.561540650759953e-10,10
671,3.718802815338269e-05,2.1135562339708568e-05,2.576816586991764e-10,10
672,3.718802815338269e-05,2.1088088253846527e-05,2.5920806476867655e-10,10
673,3.718802815338269e-05,2.1040791158747597e-05,2.607332625609122e-10,10
674,3.718802815338269e-05,2.0993670133043292e-05,2.6225723169093103e-10,10
675,3.718802815338269e-05,2.094672426151889e-05,2.637799521078702e-10,10
676,3.5952149560538315e-05,2.0899952635063317e-05,2.26568632283279e-10,10
677,3.5952149560538315e-05,2.085335435061947e-05,2.2797361679106827e-10,10
678,3.5952149560538315e-05,2.0806928511135045e-05,2.293777206352879e-10,10
679,3.5952149560538315e-05,2.0760674225513843e-05,2.307809228546569e-10,10
680,3.5952149560538315e-05,2.0714590608567493e-05,2.3218320281478613e-10,10
681,3.5952149560538315e-05,2.06686767809677e-05,2.33584540203876e-10,10
682,3.578079993967393e-05,2.06229318691989e-05,2.2976096444192642e-10,10
683,3.578079993967393e-05,2.0577355005511393e-05,2.3114473786611247e-10,10
684,3.578079993967393e-05,2.0531945327874903e-05,2.3252756697178443e-10,10
685,3.33424229382537e-05,2.04867019799326e-05,1.652695613582164e-10,10
686,3.33424229382537e-05,2.0441624110955553e-05,1.6643061038241727e-10,10
687,3.33424229382537e-05,2.0396710875797584e-05,1.675914608040218e-10,10
688,3.33424229382537e-05,2.0351961434850595e-05,1.6875209007139809e-10,10
689,3.33424229382537e-05,2.03073749540003e-05,1.6991247595178865e-10,10
690,3.33424229382537e-05,2.026295060458234e-05,1.710725965272745e-10,10
691,3.33424229382537e-05,2.0218687563338887e-05,1.7223243019079048e-10,10
692,3.33424229382537e-05,2.017458501237557e-05,1.7339195564219452e-10,10
693,3.33424229382537e-05,2.0130642139118858e-05,1.7455115188438812e-10,10
694,3.33424229382537e-05,2.008685813627385e-05,1.7570999821948715e-10,10
695,3.33424229382537e-05,2.0043232201782414e-05,1.768684742450437e-10,10
696,3.33424229382537e-05,1.9999763538781767e-05,1.7802655985031674e-10,10
697,3.33424229382537e-05,1.9956451355563398e-05,1.7918423521259234e-10,10
698,3.33424229382537e-05,1.991329486553241e-05,1.803414807935511e-10,10
699,3.33424229382537e-05,1.9870293287167225e-05,1.814982773356834e-10,10
700,3.33424229382537e-05,1.9827445843979657e-05,1.8265460585875208e-10,10
701,3.33424229382537e-05,1.978475176447537e-05,1.838104476562999e-10,10
702,3.33424229382537e-05,1.9742210282114683e-05,1.849657842922039e-10,10
703,3.33424229382537e-05,1.9699820635273777e-05,1.861205975972731e-10,10
704,3.317107331738931e-05,1.96575820672062e-05,1.826144457687754e-10,10
705,3.317107331738931e-05,1.9615493826004788e-05,1.8375373534724458e-10,10
706,3.317107331738931e-05,1.9573555164563894e-05,1.8489249991641665e-10,10
707,3.317107331738931e-05,1.953176534054199e-05,1.860307220872909e-10,10
708,3.317107331738931e-05,1.9490123616324596e-05,1.8716838472306262e-10,10
709,3.317107331738931e-05,1.9448629258987576e-05,1.88305470935965e-10,10
710,3.317107331738931e-05,1.940728154026072e-05,1.8944196408415256e-10,10
711,3.317107331738931e-05,1.9366079736491712e-05,1.9057784776862383e-10,10
712,3.317107331738931e-05,1.9325023128610415e-05,1.91713105830184e-10,10
713,3.317107331738931e-05,1.9284111002093436e-05,1.928477223464477e-10,10
714,3.317107331738931e-05,1.9243342646929095e-05,1.939816816288781e-10,10
715,3.317107331738931e-05,1.920271735758264e-05,1.9511496821986643e-10,10
716,3.317107331738931e-05,1.9162234432961817e-05,1.9624756688984768e-10,10
717,3.317107331738931e-05,1.912189317638274e-05,1.973794626344533e-10,10
718,3.317107331738931e-05,1.9081692895536075e-05,1.9851064067170116e-10,10
719,3.317107331738931e-05,1.9041632902453522e-05,1.9964108643922074e-10,10
720,3.160575702186441e-05,1.9001712513474616e-05,1.5886193796947096e-10,9
721,3.160575702186441e-05,1.8961931049213814e-05,1.5986633522667383e-10,9
722,3.160575702186441e-05,1.8922287834527872e-05,1.608703906261154e-10,9
723,3.141536855423731e-05,1.8882782198483535e-05,1.5706572076442567e-10,9
724,3.141536855423731e-05,1.8843413474325513e-05,1.5805405453132002e-10,9
725,3.0685606950684274e-05,1.8804180999444733e-05,1.4116828263478842e-10,9
726,3.0685606950684274e-05,1.876508411534687e-05,1.4209886466780048e-10,9
727,3.0685606950684274e-05,1.8726122167621207e-05,1.4302927627631704e-10,9
728,3.0685606950684274e-05,1.868729450590969e-05,1.4395950152243267e-10,9
729,3.290881985924766e-05,1.864860048387636e-05,2.033538566337151e-10,8
730,3.290881985924766e-05,1.8610039459176957e-05,2.0445512092944615e-10,8
731,3.290881985924766e-05,1.8571610793428875e-05,2.0555556379699642e-10,8
732,3.290881985924766e-05,1.8533313852181335e-05,2.0665517295920003e-10,8
733,3.290881985924766e-05,1.8495148004885855e-05,2.077539363252217e-10,8
734,3.290881985924766e-05,1.8457112624866945e-05,2.0885184198825194e-10,8
735,3.290881985924766e-05,1.8419207089293106e-05,2.0994887822323012e-10,8
736,3.290881985924766e-05,1.8381430779148043e-05,2.1104503348459764e-10,8
737,3.290881985924766e-05,1.8343783079202157e-05,2.1214029640407832e-10,8
738,3.290881985924766e-05,1.8306263377984295e-05,2.1323465578848673e-10,8
739,3.290881985924766e-05,1.8268871067753716e-05,2.1432810061756504e-10,8
740,3.290881985924766e-05,1.8231605544472352e-05,2.1542062004184525e-10,8
741,3.290881985924766e-05,1.8194466207777243e-05,2.1651220338054082e-10,8
742,3.290881985924766e-05,1.81574524609533e-05,2.1760284011946177e-10,8
743,3.290881985924766e-05,1.8120563710906238e-05,2.1869251990895792e-10,8
744,3.290881985924766e-05,1.8083799368135764e-05,2.1978123256188764e-10,8
745,3.290881985924766e-05,1.804715884670903e-05,2.208689680516108e-10,8
746,3.290881985924766e-05,1.8010641564234266e-05,2.2195571651000825e-10,8
747,3.290881985924766e-05,1.797424694183469e-05,2.2304146822552496e-10,8
748,3.269463283316718e-05,1.7937974404122613e-05,2.17758967991492e-10,8
749,3.269463283316718e-05,1.7901823379173775e-05,2.1882721154215662e-10,8
750,3.269463283316718e-05,1.7865793298501934e-05,2.1989448194485093e-10,8
751,3.269463283316718e-05,1.7829883597033613e-05,2.2096076985313343e-10,8
752,3.269463283316718e-05,1.7794093713083134e-05,2.2202606606915499e-10,8
753,3.269463283316718e-05,1.775842308832783e-05,2.2309036154183396e-10,8
754,3.269463283316718e-05,1.7722871167783454e-05,2.2415364736505364e-10,8
755,3.269463283316718e-05,1.7687437399779867e-05,2.2521591477588097e-10,8
756,3.269463283316718e-05,1.7652121235936854e-05,2.262771551528088e-10,8
757,3.269463283316718e-05,1.7616922131140193e-05,2.273373600140191e-10,8
758,3.269463283316718e-05,1.7581839543517937e-05,2.2839652101566715e-10,8
759,3.269463283316718e-05,1.7546872934416874e-05,2.2945462995018782e-10,8
760,3.269463283316718e-05,1.7512021768379194e-05,2.3051167874462252e-10,8
761,3.269463283316718e-05,1.7477285513119375e-05,2.3156765945896608e-10,8
762,3.269463283316718e-05,1.744266363950124e-05,2.3262256428453483e-10,8
763,3.269463283316718e-05,1.740815562151522e-05,2.3367638554235466e-10,8
764,3.269463283316718e-05,1.737376093625583e-05,2.3472911568156794e-10,8
765,3.269463283316718e-05,1.7339479063899293e-05,2.3578074727786174e-10,8
766,3.269463283316718e-05,1.7305309487681398e-05,2.3683127303191366e-10,8
767,3.269463283316718e-05,1.7271251693875527e-05,2.3788068576785745e-10,8
768,3.269463283316718e-05,1.7237305171770867e-05,2.3892897843176754e-10,8
769,3.269463283316718e-05,1.7203469413650797e-05,2.3997614409016246e-10,8
770,3.269463283316718e-05,1.7169743914771487e-05,2.4102217592852537e-10,8
771,3.269463283316718e-05,1.7136128173340658e-05,2.4206706724984356e-10,8
772,3.269463283316718e-05,1.7102621690496497e-05,2.431108114731667e-10,8
773,3.269463283316718e-05,1.7069223970286818e-05,2.441534021321801e-10,8
774,3.103726907218342e-05,1.7035934519648313e-05,1.9603736925201345e-10,8
775,3.082308204610293e-05,1.700275284838605e-05,1.910014991332657e-10,8
776,3.082308204610293e-05,1.696967846915311e-05,1.9191679066584608e-10,8
777,3.082308204610293e-05,1.693671089743036e-05,1.928313036786859e-10,8
778,3.082308204610293e-05,1.6903849651506504e-05,1.9374503045478255e-10,8
779,3.082308204610293e-05,1.6871094252458155e-05,1.946579633940128e-10,8
780,3.082308204610293e-05,1.6838444224130188e-05,1.955700950117505e-10,8
781,3.082308204610293e-05,1.6805899093116214e-05,1.964814179375014e-10,8
782,3.082308204610293e-05,1.67734583887392e-05,1.9739192491355456e-10,8
783,3.082308204610293e-05,1.6741121643032298e-05,1.983016087936492e-10,8
784,3.082308204610293e-05,1.670888839071977e-05,1.9921046254165823e-10,8
785,3.082308204610293e-05,1.6676758169198136e-05,2.0011847923028668e-10,8
786,3.082308204610293e-05,1.664473051851742e-05,2.0102565203978633e-10,8
787,3.082308204610293e-05,1.6612804981362593e-05,2.0193197425668524e-10,8
788,3.082308204610293e-05,1.658098110303517e-05,2.028374392725316e-10,8
789,3.082308204610293e-05,1.6549258431434903e-05,2.0374204058265462e-10,8
790,3.082308204610293e-05,1.65176365170417e-05,2.0464577178493795e-10,8
791,3.082308204610293e-05,1.6486114912897632e-05,2.055486265786089e-10,8
792,3.082308204610293e-05,1.645469317458915e-05,2.06450598763041e-10,8
793,3.082308204610293e-05,1.642337086022937e-05,2.0735168223657214e-10,8
794,3.082308204610293e-05,1.6392147530440567e-05,2.0825187099533533e-10,8
795,3.082308204610293e-05,1.6361022748336792e-05,2.09151159132104e-10,8
796,3.082308204610293e-05,1.6329996079506612e-05,2.1004954083515113e-10,8
797,3.082308204610293e-05,1.629906709199604e-05,2.1094701038712058e-10,8
798,3.082308204610293e-05,1.626823535629152e-05,2.1184356216391413e-10,8
799,3.082308204610293e-05,1.6237500445303172e-05,2.1273919063358842e-10,8
800,3.082308204610293e-05,1.6206861934348043e-05,2.1363389035526802e-10,8
801,3.082308204610293e-05,1.617631940113358e-05,2.1452765597806958e-10,8
802,3.082308204610293e-05,1.6145872425741223e-05,2.1542048224003822e-10,8
803,3.082308204610293e-05,1.61155205906101e-05,2.1631236396709834e-10,8
804,3.082308204610293e-05,1.6085263480520892e-05,2.172032960720146e-10,8
805,3.082308204610293e-05,1.6055100682579788e-05,2.1809327355336684e-10,8
806,3.082308204610293e-05,1.6025031786202617e-05,2.189822914945357e-10,8
807,3.082308204610293e-05,1.5995056383099082e-05,2.198703450627007e-10,8
808,3.082308204610293e-05,1.596517406725709e-05,2.207574295078509e-10,8
809,3.082308204610293e-05,1.593538443492728e-05,2.2164354016180513e-10,8
810,3.082308204610293e-05,1.590568708460762e-05,2.2252867243724562e-10,8
811,3.082308204610293e-05,1.5876081617028137e-05,2.2341282182676203e-10,8
812,3.082308204610293e-05,1.5846567635135775e-05,2.2429598390190687e-10,8
813,3.060889502002244e-05,1.5817144744079394e-05,2.1879587622586116e-10,8
814,3.060889502002244e-05,1.5787812551194857e-05,2.1966448554778833e-10,8
815,3.060889502002244e-05,1.575857066599023e-05,2.205321334199622e-10,8
816,3.060889502002244e-05,1.572941870013116e-05,2.2139881555420532e-10,8
817,3.060889502002244e-05,1.570035626742629e-05,2.2226452773766121e-10,8
818,3.060889502002244e-05,1.567138298381286e-05,2.231292658319061e-10,8
819,3.060889502002244e-05,1.5642498467342354e-05,2.2399302577207436e-10,8
820,3.060889502002244e-05,1.5613702338166342e-05,2.2485580356599068e-10,8
821,3.060889502002244e-05,1.558499421852235e-05,2.25717595293315e-10,8
822,3.060889502002244e-05,1.555637373271991e-05,2.2657839710469582e-10,8
823,3.060889502002244e-05,1.5527840507126672e-05,2.274382052209338e-10,8
824,3.060889502002244e-05,1.549939417015466e-05,2.2829701593215512e-10,8
825,3.060889502002244e-05,1.5471034352246625e-05,2.2915482559699405e-10,8
826,3.060889502002244e-05,1.5442760685862474e-05,2.3001163064178577e-10,8
827,3.060889502002244e-05,1.5414572805465876e-05,2.308674275597671e-10,8
828,3.060889502002244e-05,1.53864703475109e-05,2.3172221291028806e-10,8
829,3.060889502002244e-05,1.5358452950428806e-05,2.3257598331803135e-10,8
830,3.060889502002244e-05,1.533052025461492e-05,2.3342873547224133e-10,8
831,3.060889502002244e-05,1.530267190241561e-05,2.3428046612596176e-10,8
832,3.060889502002244e-05,1.527490753811537e-05,2.351311720952827e-10,8
833,3.060889502002244e-05,1.5247226807924013e-05,2.359808502585953e-10,8
834,3.060889502002244e-05,1.5219629359963953e-05,2.368294975558554e-10,8
835,3.060889502002244e-05,1.5192114844257567e-05,2.376771109878568e-10,8
836,2.5501748473079053e-05,1.5164682912714707e-05,1.0685492439927064e-10,8
837,2.5501748473079053e-05,1.513733321912026e-05,1.0742110355649372e-10,8
838,2.5501748473079053e-05,1.5110065419121827e-05,1.0798707669390178e-10,8
839,2.5501748473079053e-05,1.5082879170217495e-05,1.0855283755011089e-10,8
840,2.5501748473079053e-05,1.5055774131743701e-05,1.0911837993983653e-10,8
841,2.5287561446998563e-05,1.5028749964863187e-05,1.0524321302599263e-10,8
842,2.5287561446998563e-05,1.5001806332553064e-05,1.0579675827434174e-10,8
843,2.5287561446998563e-05,1.4974942899592949e-05,1.0635010130429429e-10,8
844,2.5287561446998563e-05,1.4948159332553199e-05,1.0690323608419727e-10,8
845,2.5287561446998563e-05,1.4921455299783239e-05,1.0745615665533534e-10,8
846,2.5287561446998563e-05,1.4894830471399982e-05,1.0800885713116624e-10,8
847,2.5287561446998563e-05,1.4868284519276333e-05,1.085613316965648e-10,8
848,2.5287561446998563e-05,1.484181711702978e-05,1.0911357460707499e-10,8
849,2.5287561446998563e-05,1.4815427940011077e-05,1.0966558018817002e-10,8
850,2.5287561446998563e-05,1.4789116665293012e-05,1.1021734283452052e-10,8
851,2.5287561446998563e-05,1.4762882971659261e-05,1.1076885700927042e-10,8
852,2.5287561446998563e-05,1.4736726539593323e-05,1.1132011724332093e-10,8
853,2.5287561446998563e-05,1.471064705126755e-05,1.1187111813462195e-10,8
854,2.5287561446998563e-05,1.4684644190532247e-05,1.1242185434747118e-10,8
855,2.5287561446998563e-05,1.4658717642904862e-05,1.1297232061182106e-10,8
856,2.5287561446998563e-05,1.4632867095559272e-05,1.1352251172259233e-10,8
857,2.5287561446998563e-05,1.4607092237315109e-05,1.140724225389963e-10,8
858,2.5287561446998563e-05,1.4581392758627226e-05,1.1462204798386282e-10,8
859,2.5287561446998563e-05,1.4555768351575182e-05,1.1517138304297696e-10,8
860,2.5287561446998563e-05,1.4530218709852856e-05,1.157204227644215e-10,8
861,2.5287561446998563e-05,1.450474352875811e-05,1.1626916225792738e-10,8
862,2.5287561446998563e-05,1.4479342505182544e-05,1.1681759669423059e-10,8
863,2.5287561446998563e-05,1.4454015337601317e-05,1.173657213044362e-10,8
864,2.5287561446998563e-05,1.4428761726063057e-05,1.17913531379389e-10,8
865,2.5287561446998563e-05,1.4403581372179838e-05,1.1846102226905102e-10,8
866,2.5287561446998563e-05,1.4378473979117236e-05,1.1900818938188542e-10,8
867,2.5287561446998563e-05,1.4353439251584463e-05,1.1955502818424727e-10,8
868,2.5287561446998563e-05,1.4328476895824558e-05,1.2010153419978074e-10,8
869,2.5073374420918073e-05,1.4303586619604687e-05,1.1598832928531861e-10,8
870,2.5073374420918073e-05,1.427876813220647e-05,1.165235249282921e-10,8
871,2.5073374420918073e-05,1.4254021144416417e-05,1.170584053217471e-10,8
872,2.5073374420918073e-05,1.4229345368516413e-05,1.1759296608933124e-10,8
873,2.5073374420918073e-05,1.4204740518274294e-05,1.1812720290969773e-10,8
874,2.5073374420918073e-05,1.4180206308934471e-05,1.186611115159364e-10,8
875,2.5073374420918073e-05,1.4155742457208641e-05,1.1919468769500987e-10,8
876,2.5073374420918073e-05,1.4131348681266552e-05,1.1972792728719642e-10,8
877,2.5073374420918073e-05,1.4107024700726862e-05,1.2026082618553786e-10,8
878,2.5073374420918073e-05,1.4082770236648029e-05,1.2079338033529421e-10,8
879,2.5073374420918073e-05,1.4058585011519298e-05,1.2132558573340342e-10,8
880,2.5073374420918073e-05,1.403446874925175e-05,1.2185743842794692e-10,8
881,2.5073374420918073e-05,1.4010421175169401e-05,1.2238893451762106e-10,8
882,2.5073374420918073e-05,1.3986442016000387e-05,1.2292007015121387e-10,8
883,2.5073374420918073e-05,1.3962530999868192e-05,1.2345084152708743e-10,8
884,2.5073374420918073e-05,1.3938687856282976e-05,1.2398124489266534e-10,8
885,2.5073374420918073e-05,1.3914912316132915e-05,1.2451127654392642e-10,8
886,2.5073374420918073e-05,1.3891204111675657e-05,1.2504093282490262e-10,8
887,2.5073374420918073e-05,1.3867562976529814e-05,1.2557021012718286e-10,8
888,2.5073374420918073e-05,1.3843988645666502e-05,1.2609910488942232e-10,8
889,2.5073374420918073e-05,1.3820480855400978e-05,1.2662761359685604e-10,8
890,2.5073374420918073e-05,1.3797039343384323e-05,1.271557327808181e-10,8
891,2.5073374420918073e-05,1.3773663848595171e-05,1.2768345901826596e-10,8
892,2.5073374420918073e-05,1.3750354111331512e-05,1.2821078893130973e-10,8
893,2.5073374420918073e-05,1.3727109873202568e-05,1.2873771918674574e-10,8
894,2.5073374420918073e-05,1.3703930877120696e-05,1.2926424649559586e-10,8
895,2.5073374420918073e-05,1.368081686729338e-05,1.2979036761265105e-10,8
896,2.3987434088666053e-05,1.3657767589215262e-05,1.0670200998987596e-10,8
897,2.3987434088666053e-05,1.3634782789660237e-05,1.0717738891880682e-10,8
898,2.3987434088666053e-05,1.361186221667362e-05,1.0765249167088057e-10,8
899,2.3987434088666053e-05,1.3589005619564331e-05,1.0812731462702518e-10,8
900,2.316645228466889e-05,1.3566212748897186e-05,9.216459914419409e-11,8
901,2.316645228466889e-05,1.3543483356485198e-05,9.260153099278878e-11,8
902,2.316645228466889e-05,1.3520817195381969e-05,9.30382762756831e-11,8
903,2.316645228466889e-05,1.3498214019874118e-05,9.347483114484182e-11,8
904,2.316645228466889e-05,1.3475673585473764e-05,9.391119179677397e-11,8
905,2.316645228466889e-05,1.3453195648911073e-05,9.434735447209325e-11,8
906,2.316645228466889e-05,1.3430779968126842e-05,9.47833154550832e-11,8
907,2.316645228466889e-05,1.340842630226516e-05,9.521907107326626e-11,8
908,2.29522652585884e-05,1.3386134411666102e-05,9.151085938043832e-11,8
909,2.29522652585884e-05,1.3363904057858475e-05,9.193667051566301e-11,8
910,2.29522652585884e-05,1.3341735003552631e-05,9.236229178295787e-11,8
911,2.29522652585884e-05,1.3319627012633326e-05,9.278771957743644e-11,8
912,2.29522652585884e-05,1.329757985015261e-05,9.321295033586294e-11,8
913,2.29522652585884e-05,1.3275593282322806e-05,9.363798053624386e-11,8
914,2.29522652585884e-05,1.3253667076509494e-05,9.406280669742425e-11,8
915,2.29522652585884e-05,1.3231801001224586e-05,9.448742537868743e-11,8
916,2.29522652585884e-05,1.3209994826119437e-05,9.491183317935898e-11,8
917,2.29522652585884e-05,1.318824832197797e-05,9.533602673841532e-11,8
918,2.29522652585884e-05,1.3166561260709918e-05,9.57600027340949e-11,8
919,2.29522652585884e-05,1.3144933415344046e-05,9.618375788351469e-11,8
920,2.29522652585884e-05,1.312336456002147e-05,9.660728894228948e-11,8
921,2.29522652585884e-05,1.3101854469988994e-05,9.703059270415557e-11,8
922,2.29522652585884e-05,1.3080402921592506e-05,9.745366600059803e-11,8
923,2.29522652585884e-05,1.3059009692270425e-05,9.787650570048159e-11,8
924,2.29522652585884e-05,1.3037674560547175e-05,9.829910870968558e-11,8
925,2.29522652585884e-05,1.3016397306026732e-05,9.872147197074198e-11,8
926,2.29522652585884e-05,1.2995177709386186e-05,9.914359246247774e-11,8
927,2.29522652585884e-05,1.2974015552369386e-05,9.956546719965983e-11,8
928,2.29522652585884e-05,1.2952910617780588e-05,9.99870932326447e-11,8
929,2.29522652585884e-05,1.2931862689478173e-05,1.0040846764703083e-10,8
930,2.29522652585884e-05,1.2910871552368409e-05,1.0082958756331443e-10,8
931,2.29522652585884e-05,1.2889936992399246e-05,1.0125045013654922e-10,8
932,2.29522652585884e-05,1.286905879655416e-05,1.0167105255600905e-10,8
933,2.29522652585884e-05,1.2848236752846041e-05,1.0209139204485415e-10,8
934,2.29522652585884e-05,1.2827470650311116e-05,1.0251146585980075e-10,8
935,2.29522652585884e-05,1.2806760279002927e-05,1.0293127129079362e-10,8
936,2.29522652585884e-05,1.2786105429986341e-05,1.0335080566068223e-10,8
937,2.29522652585884e-05,1.2765505895331605e-05,1.0377006632489998e-10,8
938,2.29522652585884e-05,1.2744961468108443e-05,1.041890506711465e-10,8
939,2.29522652585884e-05,1.2724471942380187e-05,1.0460775611907338e-10,8
940,2.29522652585884e-05,1.2704037113197961e-05,1.0502618011997274e-10,8
941,2.29522652585884e-05,1.2683656776594898e-05,1.0544432015646888e-10,8
942,2.29522652585884e-05,1.2663330729580396e-05,1.0586217374221315e-10,8
943,2.00139727523338e-05,1.264305877013441e-05,5.4330372932982496e-11,7
944,2.00139727523338e-05,1.2622840697201794e-05,5.4628833056399896e-11,7
945,2.00139727523338e-05,1.2602676310686684e-05,5.492731494597123e-11,7
946,2.00139727523338e-05,1.2582565411446896e-05,5.5225815066187794e-11,7
947,2.00139727523338e-05,1.2562507801288385e-05,5.552432991665827e-11,7
948,2.00139727523338e-05,1.2542503282959749e-05,5.582285603178859e-11,7
949,2.00139727523338e-05,1.2522551660146734e-05,5.612138998046528e-11,7
950,2.00139727523338e-05,1.2502652737466817e-05,5.6419928365741366e-11,7
951,2.00139727523338e-05,1.2482806320463799e-05,5.671846782452555e-11,7
952,1.9769187579670384e-05,1.2463012215602462e-05,5.3380198450513024e-11,7
953,1.9769187579670384e-05,1.2443270230263218e-05,5.366906501034492e-11,7
954,1.9769187579670384e-05,1.2423580172736846e-05,5.3957948176796846e-11,7
955,1.9769187579670384e-05,1.2403941852219234e-05,5.4246844625737416e-11,7
956,1.9769187579670384e-05,1.2384355078806156e-05,5.45357510658206e-11,7
957,1.9769187579670384e-05,1.2364819663488103e-05,5.482466423818953e-11,7
958,1.9769187579670384e-05,1.2345335418145132e-05,5.511358091618315e-11,7
959,1.9769187579670384e-05,1.2325902155541758e-05,5.540249790504565e-11,7
960,1.9769187579670384e-05,1.2306519689321879e-05,5.56914120416386e-11,7
961,1.9769187579670384e-05,1.2287187834003735e-05,5.5980320194155795e-11,7
962,1.9769187579670384e-05,1.2267906404974902e-05,5.626921926184083e-11,7
963,1.9769187579670384e-05,1.2248675218487317e-05,5.65581061747073e-11,7
964,1.9769187579670384e-05,1.2229494091652349e-05,5.684697789326157e-11,7
965,1.9769187579670384e-05,1.2210362842435866e-05,5.7135831408228476e-11,7
966,1.9769187579670384e-05,1.2191281289653404e-05,5.742466374027891e-11,7
967,1.9769187579670384e-05,1.217224925296529e-05,5.77134719397608e-11,7
968,1.9769187579670384e-05,1.2153266552871847e-05,5.8002253086432085e-11,7
969,1.9769187579670384e-05,1.213433301070863e-05,5.829100428919617e-11,7
970,1.9769187579670384e-05,1.2115448448641664e-05,5.857972268584027e-11,7
971,1.9769187579670384e-05,1.2096612689662747e-05,5.886840544277571e-11,7
972,1.9769187579670384e-05,1.2077825557584762e-05,5.915704975478102e-11,7
973,1.9769187579670384e-05,1.2059086877037036e-05,5.944565284474725e-11,7
974,1.9769187579670384e-05,1.2040396473460709e-05,5.973421196342577e-11,7
975,1.9769187579670384e-05,1.2021754173104166e-05,6.002272438917823e-11,7
976,1.9769187579670384e-05,1.2003159803018466e-05,6.031118742772913e-11,7
977,1.9769187579670384e-05,1.1984613191052822e-05,6.059959841192048e-11,7
978,1.9769187579670384e-05,1.1966114165850105e-05,6.088795470146886e-11,7
979,1.9769187579670384e-05,1.194766255684238e-05,6.11762536827246e-11,7
980,1.9769187579670384e-05,1.1929258194246467e-05,6.146449276843343e-11,7
981,1.9769187579670384e-05,1.1910900909059537e-05,6.175266939750011e-11,7
982,1.9769187579670384e-05,1.1892590533054725e-05,6.204078103475452e-11,7
983,1.9769187579670384e-05,1.1874326898776808e-05,6.232882517071937e-11,7
984,1.9769187579670384e-05,1.185610983953784e-05,6.261679932138117e-11,7
985,1.9769187579670384e-05,1.183793918941292e-05,6.29047010279616e-11,7
986,1.9769187579670384e-05,1.1819814783235872e-05,6.319252785669304e-11,7
987,1.9769187579670384e-05,1.1801736456595044e-05,6.348027739859449e-11,7
988,1.9769187579670384e-05,1.1783704045829095e-05,6.376794726925035e-11,7
989,1.9769187579670384e-05,1.1765717388022815e-05,6.405553510859117e-11,7
990,1.9769187579670384e-05,1.1747776321002965e-05,6.434303858067642e-11,7
991,1.9769187579670384e-05,1.1729880683334163e-05,6.463045537347911e-11,7
992,1.9769187579670384e-05,1.1712030314314785e-05,6.491778319867251e-11,7
993,1.9769187579670384e-05,1.1694225053972893e-05,6.52050197914188e-11,7
994,1.9769187579670384e-05,1.167646474306219e-05,6.549216291015977e-11,7
995,1.9769187579670384e-05,1.1658749223058e-05,6.577921033640938e-11,7
996,1.952440240700697e-05,1.1641078336153288e-05,6.214679840610105e-11,7
997,1.952440240700697e-05,1.1623451925254682e-05,6.24250185151017e-11,7
998,1.952440240700697e-05,1.160586983397854e-05,6.270315811011223e-11,7
999,1.952440240700697e-05,1.158833190664704e-05,6.29812149866831e-11,7
1000,1.952440240700697e-05,1.1570837988284282e-05,6.325918696277155e-11,7
1001,1.952440240700697e-05,1.1553387924612437e-05,6.353707187854338e-11,7
1002,1.952440240700697e-05,1.1535981562047896e-05,6.381486759617663e-11,7
1003,1.952440240700697e-05,1.1518618747697473e-05,6.409257199966695e-11,7
1004,1.952440240700697e-05,1.1501299329354604e-05,6.437018299463484e-11,7
1005,1.952440240700697e-05,1.148402315549559e-05,6.464769850813469e-11,7
1006,1.952440240700697e-05,1.146679007527585e-05,6.49251164884654e-11,7
1007,1.952440240700697e-05,1.1449599938526218e-05,6.520243490498284e-11,7
1008,1.952440240700697e-05,1.1432452595749242e-05,6.547965174791396e-11,7
1009,1.952440240700697e-05,1.1415347898115527e-05,6.575676502817264e-11,7
1010,1.952440240700697e-05,1.1398285697460074e-05,6.603377277717726e-11,7
1011,1.952440240700697e-05,1.1381265846278683e-05,6.631067304666971e-11,7
1012,1.952440240700697e-05,1.1364288197724337e-05,6.658746390853632e-11,7
1013,1.952440240700697e-05,1.1347352605603632e-05,6.686414345463035e-11,7
1014,1.952440240700697e-05,1.133045892437324e-05,6.714070979659577e-11,7
1015,1.952440240700697e-05,1.1313607009136359e-05,6.741716106569319e-11,7
1016,1.952440240700697e-05,1.1296796715639225e-05,6.76934954126269e-11,7
1017,1.952440240700697e-05,1.1280027900267624e-05,6.796971100737362e-11,7
1018,1.952440240700697e-05,1.1263300420043428e-05,6.824580603901297e-11,7
1019,1.952440240700697e-05,1.1246614132621155e-05,6.852177871555928e-11,7
1020,1.952440240700697e-05,1.1229968896284562e-05,6.879762726379483e-11,7
1021,1.952440240700697e-05,1.1213364569943242e-05,6.907334992910492e-11,7
1022,1.952440240700697e-05,1.1196801013129253e-05,6.934894497531408e-11,7
1023,1.952440240700697e-05,1.1180278085993761e-05,6.962441068452413e-11,7
1024,1.952440240700697e-05,1.1163795649303722e-05,6.989974535695321e-11,7
1025,1.952440240700697e-05,1.1147353564438555e-05,7.01749473107768e-11,7
1026,1.952440240700697e-05,1.113095169338688e-05,7.045001488196959e-11,7
1027,1.952440240700697e-05,1.1114589898743213e-05,7.072494642414953e-11,7
1028,1.952440240700697e-05,1.1098268043704758e-05,7.099974030842236e-11,7
1029,1.952440240700697e-05,1.108198599206815e-05,7.127439492322842e-11,7
1030,1.952440240700697e-05,1.1065743608226271e-05,7.154890867419012e-11,7
1031,1.952440240700697e-05,1.1049540757165048e-05,7.182327998396133e-11,7
1032,1.952440240700697e-05,1.1033377304460305e-05,7.20975072920776e-11,7
1033,1.952440240700697e-05,1.101725311627459e-05,7.237158905480843e-11,7
1034,1.952440240700697e-05,1.1001168059354084e-05,7.264552374500991e-11,7
1035,1.952440240700697e-05,1.0985122001025462e-05,7.29193098519797e-11,7
1036,1.952440240700697e-05,1.0969114809192833e-05,7.319294588131238e-11,7
1037,1.952440240700697e-05,1.0953146352334653e-05,7.346643035475684e-11,7
1038,1.927961723434355e-05,1.0937216499500687e-05,6.959565002070675e-11,7
1039,1.927961723434355e-05,1.0921325120308977e-05,6.986104706353256e-11,7
1040,1.927961723434355e-05,1.0905472084942837e-05,7.012630698323151e-11,7
1041,1.927961723434355e-05,1.0889657264147849e-05,7.039142830148627e-11,7
1042,1.927961723434355e-05,1.0873880529228909e-05,7.065640955571156e-11,7
1043,1.927961723434355e-05,1.0858141752047254e-05,7.092124929891764e-11,7
1044,1.927961723434355e-05,1.0842440805017542e-05,7.118594609957437e-11,7
1045,1.927961723434355e-05,1.082677756110492e-05,7.145049854147695e-11,7
1046,1.927961723434355e-05,1.0811151893822144e-05,7.171490522361234e-11,7
1047,1.927961723434355e-05,1.0795563677226674e-05,7.197916476002753e-11,7
1048,1.927961723434355e-05,1.078001278591784e-05,7.224327577969816e-11,7
1049,1.927961723434355e-05,1.076449909503396e-05,7.250723692639923e-11,7
1050,1.927961723434355e-05,1.0749022480249548e-05,7.277104685857613e-11,7
1051,1.927961723434355e-05,1.0733582817772485e-05,7.303470424921717e-11,7
1052,1.927961723434355e-05,1.0718179984341219e-05,7.329820778572749e-11,7
1053,1.927961723434355e-05,1.0702813857222016e-05,7.356155616980337e-11,7
1054,1.927961723434355e-05,1.068748431420617e-05,7.382474811730852e-11,7
1055,1.927961723434355e-05,1.0672191233607284e-05,7.408778235815073e-11,7
1056,1.927961723434355e-05,1.0656934494258537e-05,7.435065763616e-11,7
1057,1.927961723434355e-05,1.0641713975509972e-05,7.461337270896776e-11,7
1058,1.927961723434355e-05,1.062652955722582e-05,7.487592634788673e-11,7
1059,1.927961723434355e-05,1.0611381119781805e-05,7.513831733779252e-11,7
1060,1.927961723434355e-05,1.0596268544062499e-05,7.540054447700567e-11,7
1061,1.927961723434355e-05,1.058119171145868e-05,7.566260657717495e-11,7
1062,1.927961723434355e-05,1.0566150503864701e-05,7.592450246316178e-11,7
1063,1.927961723434355e-05,1.0551144803675882e-05,7.618623097292556e-11,7
1064,1.927961723434355e-05,1.0536174493785918e-05,7.644779095740997e-11,7
1065,1.927961723434355e-05,1.0521239457584298e-05,7.670918128043036e-11,7
1066,1.927961723434355e-05,1.0506339578953746e-05,7.697040081856203e-11,7
1067,1.927961723434355e-05,1.0491474742267682e-05,7.723144846102946e-11,7
1068,1.927961723434355e-05,1.0476644832387667e-05,7.749232310959695e-11,7
1069,1.927961723434355e-05,1.0461849734660916e-05,7.775302367845935e-11,7
1070,1.927961723434355e-05,1.0447089334917776e-05,7.801354909413469e-11,7
1071,1.927961723434355e-05,1.0432363519469256e-05,7.827389829535702e-11,7
1072,1.927961723434355e-05,1.0417672175104552e-05,7.853407023297052e-11,7
1073,1.927961723434355e-05,1.0403015189088585e-05,7.879406386982464e-11,7
1074,1.927961723434355e-05,1.038839244915957e-05,7.905387818066994e-11,7
1075,1.927961723434355e-05,1.0373803843526587e-05,7.931351215205475e-11,7
1076,1.927961723434355e-05,1.0359249260867172e-05,7.957296478222308e-11,7
1077,1.927961723434355e-05,1.034472859032492e-05,7.98322350810131e-11,7
1078,1.927961723434355e-05,1.0330241721507102e-05,8.009132206975666e-11,7
1079,1.927961723434355e-05,1.0315788544482297e-05,8.035022478117973e-11,7
1080,1.927961723434355e-05,1.0301368949778047e-05,8.060894225930342e-11,7
1081,1.927961723434355e-05,1.0286982828378506e-05,8.08674735593463e-11,7
1082,1.927961723434355e-05,1.0272630071722126e-05,8.112581774762715e-11,7
1083,1.927961723434355e-05,1.025831057169934e-05,8.138397390146883e-11,7
1084,1.927961723434355e-05,1.0244024220650263e-05,8.164194110910296e-11,7
1085,1.927961723434355e-05,1.0229770911362419e-05,8.189971846957512e-11,7
1086,1.927961723434355e-05,1.0215550537068461e-05,8.215730509265136e-11,7
1087,1.927961723434355e-05,1.0201362991443921e-05,8.241470009872513e-11,7
1088,1.927961723434355e-05,1.0187208168604967e-05,8.267190261872519e-11,7
1089,1.927961723434355e-05,1.0173085963106171e-05,8.292891179402428e-11,7
1090,1.927961723434355e-05,1.0158996269938295e-05,8.318572677634866e-11,7
1091,1.927961723434355e-05,1.0144938984526092e-05,8.344234672768815e-11,7
1092,1.927961723434355e-05,1.0130914002726111e-05,8.36987708202074e-11,7
1093,1.927961723434355e-05,1.0116921220824526e-05,8.395499823615745e-11,7
1094,1.927961723434355e-05,1.0102960535534965e-05,8.421102816778849e-11,7
1095,1.927961723434355e-05,1.008903184399637e-05,8.446685981726304e-11,7
1096,1.927961723434355e-05,1.0075135043770853e-05,8.472249239656998e-11,7
1097,1.927961723434355e-05,1.0061270032841569e-05,8.497792512743942e-11,7
1098,1.927961723434355e-05,1.0047436709610611e-05,8.523315724125818e-11,7
1099,1.927961723434355e-05,1.00336349728969e-05,8.548818797898613e-11,7
1100,1.9034832061680137e-05,1.001986472193411e-05,8.126963613668755e-11,7
1101,1.9034832061680137e-05,1.000612585636858e-05,8.151753574183142e-11,7
1102,1.9034832061680137e-05,9.992418276257258e-06,8.17652470668057e-11,7
1103,1.9034832061680137e-05,9.978741882065656e-06,8.201276934130983e-11,7
1104,1.9034832061680137e-05,9.965096574665796e-06,8.226010180440725e-11,7
1105,1.9034832061680137e-05,9.951482255334198e-06,8.25072437044448e-11,7
1106,1.9034832061680137e-05,9.93789882574986e-06,8.275419429897289e-11,7
1107,1.9034832061680137e-05,9.924346187992247e-06,8.300095285466658e-11,7
1108,1.9034832061680137e-05,9.910824244539317e-06,8.324751864724678e-11,7
1109,1.9034832061680137e-05,9.897332898265527e-06,8.34938909614027e-11,7
1110,1.9034832061680137e-05,9.883872052439873e-06,8.374006909071457e-11,7
1111,1.9034832061680137e-05,9.87044161072393e-06,8.39860523375773e-11,7
1112,1.9034832061680137e-05,9.857041477169905e-06,8.423184001312466e-11,7
1113,1.9034832061680137e-05,9.843671556218714e-06,8.447743143715388e-11,7
1114,1.9034832061680137e-05,9.83033175269805e-06,8.472282593805132e-11,7
1115,1.9034832061680137e-05,9.817021971820475e-06,8.496802285271857e-11,7
1116,1.9034832061680137e-05,9.803742119181519e-06,8.521302152649913e-11,7
1117,1.9034832061680137e-05,9.79049210075779e-06,8.545782131310577e-11,7
1118,1.9034832061680137e-05,9.777271822905103e-06,8.570242157454845e-11,7
1119,1.9034832061680137e-05,9.764081192356612e-06,8.59468216810629e-11,7
1120,1.9034832061680137e-05,9.750920116220942e-06,8.619102101103993e-11,7
1121,1.9034832061680137e-05,9.73778850198036e-06,8.643501895095509e-11,7
1122,1.9034832061680137e-05,9.72468625748893e-06,8.667881489529913e-11,7
1123,1.9034832061680137e-05,9.711613290970696e-06,8.692240824650886e-11,7
1124,1.9034832061680137e-05,9.698569511017861e-06,8.716579841489885e-11,7
1125,1.9034832061680137e-05,9.685554826588992e-06,8.740898481859351e-11,7
1126,1.9034832061680137e-05,9.672569147007223e-06,8.765196688345976e-11,7
1127,1.9034832061680137e-05,9.659612381958473e-06,8.789474404304036e-11,7
1128,1.9034832061680137e-05,9.646684441489681e-06,8.813731573848772e-11,7
1129,1.9034832061680137e-05,9.633785236007028e-06,8.837968141849843e-11,7
1130,1.9034832061680137e-05,9.62091467627421e-06,8.862184053924796e-11,7
1131,1.9034832061680137e-05,9.608072673410672e-06,8.88637925643265e-11,7
1132,1.9034832061680137e-05,9.595259138889894e-06,8.910553696467473e-11,7
1133,1.9034832061680137e-05,9.582473984537665e-06,8.934707321852052e-11,7
1134,1.9034832061680137e-05,9.569717122530367e-06,8.958840081131615e-11,7
1135,1.9034832061680137e-05,9.556988465393275e-06,8.982951923567587e-11,7
1136,1.9034832061680137e-05,9.544287925998875e-06,9.007042799131399e-11,7
1137,1.9034832061680137e-05,9.53161541756516e-06,9.03111265849839e-11,7
1138,1.9034832061680137e-05,9.518970853653988e-06,9.055161453041686e-11,7
1139,1.9034832061680137e-05,9.506354148169387e-06,9.079189134826217e-11,7
1140,1.9034832061680137e-05,9.493765215355923e-06,9.103195656602708e-11,7
1141,1.9034832061680137e-05,9.48120396979705e-06,9.127180971801765e-11,7
1142,1.9034832061680137e-05,9.468670326413478e-06,9.151145034528001e-11,7
1143,1.9034832061680137e-05,9.456164200461534e-06,9.175087799554216e-11,7
1144,1.9034832061680137e-05,9.443685507531562e-06,9.199009222315607e-11,7
1145,1.9034832061680137e-05,9.431234163546316e-06,9.222909258904034e-11,7
1146,1.9034832061680137e-05,9.418810084759344e-06,9.246787866062367e-11,7
1147,1.9034832061680137e-05,9.406413187753424e-06,9.270645001178814e-11,7
1148,1.9034832061680137e-05,9.39404338943896e-06,9.294480622281378e-11,7
1149,1.9034832061680137e-05,9.38170060705243e-06,9.318294688032282e-11,7
1150,1.9034832061680137e-05,9.369384758154819e-06,9.342087157722485e-11,7
1151,1.9034832061680137e-05,9.357095760630056e-06,9.36585799126625e-11,7
1152,1.9034832061680137e-05,9.344833532683482e-06,9.389607149195733e-11,7
1153,1.9034832061680137e-05,9.332597992840312e-06,9.413334592655617e-11,7
1154,1.9034832061680137e-05,9.320389059944105e-06,9.437040283397817e-11,7
1155,1.9034832061680137e-05,9.308206653155239e-06,9.460724183776214e-11,7
1156,1.9034832061680137e-05,9.296050691949421e-06,9.484386256741407e-11,7
1157,1.9034832061680137e-05,9.283921096116163e-06,9.508026465835576e-11,7
1158,1.9034832061680137e-05,9.271817785757308e-06,9.531644775187295e-11,7
1159,1.9034832061680137e-05,9.25974068128553e-06,9.555241149506493e-11,7
1160,1.9034832061680137e-05,9.247689703422871e-06,9.578815554079359e-11,7
1161,1.9034832061680137e-05,9.23566477319926e-06,9.602367954763364e-11,7
1162,1.9034832061680137e-05,9.223665811951069e-06,9.625898317982273e-11,7
1163,1.9034832061680137e-05,9.211692741319646e-06,9.649406610721237e-11,7
1164,1.9034832061680137e-05,9.19974548324988e-06,9.672892800521897e-11,7
1165,1.879004688901672e-05,9.18782395998877e-06,9.220268517875008e-11,7
1166,1.879004688901672e-05,9.175928094083984e-06,9.243128020307885e-11,7
1167,1.879004688901672e-05,9.16405780838245e-06,9.265966578049018e-11,7
1168,1.879004688901672e-05,9.152213026028945e-06,9.288784157055381e-11,7
1169,1.879004688901672e-05,9.140393670464685e-06,9.311580723831163e-11,7
1170,1.879004688901672e-05,9.128599665425937e-06,9.334356245423001e-11,7
1171,1.879004688901672e-05,9.116830934942622e-06,9.357110689415364e-11,7
1172,1.879004688901672e-05,9.105087403336942e-06,9.379844023925869e-11,7
1173,1.879004688901672e-05,9.093368995222008e-06,9.402556217600703e-11,7
1174,1.879004688901672e-05,9.081675635500463e-06,9.425247239610079e-11,7
1175,1.879004688901672e-05,9.070007249363146e-06,9.447917059643675e-11,7
1176,1.879004688901672e-05,9.058363762287718e-06,9.470565647906195e-11,7
1177,1.879004688901672e-05,9.046745100037336e-06,9.493192975112884e-11,7
1178,1.879004688901672e-05,9.035151188659313e-06,9.515799012485139e-11,7
1179,1.879004688901672e-05,9.02358195448379e-06,9.538383731746128e-11,7
1180,1.879004688901672e-05,9.012037324122415e-06,9.56094710511645e-11,7
1181,1.879004688901672e-05,9.000517224467032e-06,9.583489105309829e-11,7
1182,1.879004688901672e-05,8.989021582688373e-06,9.606009705528864e-11,7
1183,1.879004688901672e-05,8.977550326234758e-06,9.628508879460778e-11,7
1184,1.879004688901672e-05,8.966103382830812e-06,9.650986601273225e-11,7
1185,1.879004688901672e-05,8.954680680476166e-06,9.673442845610138e-11,7
1186,1.879004688901672e-05,8.943282147444191e-06,9.695877587587589e-11,7
1187,1.879004688901672e-05,8.93190771228073e-06,9.718290802789692e-11,7
1188,1.879004688901672e-05,8.92055730380282e-06,9.740682467264561e-11,7
1189,1.879004688901672e-05,8.90923085109745e-06,9.763052557520263e-11,7
1190,1.879004688901672e-05,8.897928283520301e-06,9.785401050520838e-11,7
1191,1.879004688901672e-05,8.886649530694517e-06,9.807727923682316e-11,7
1192,1.879004688901672e-05,8.875394522509451e-06,9.830033154868815e-11,7
1193,1.879004688901672e-05,8.864163189119444e-06,9.85231672238864e-11,7
1194,1.879004688901672e-05,8.852955460942611e-06,9.874578604990391e-11,7
1195,1.879004688901672e-05,8.841771268659611e-06,9.89681878185916e-11,7
1196,1.879004688901672e-05,8.830610543212445e-06,9.919037232612719e-11,7
1197,1.879004688901672e-05,8.819473215803253e-06,9.941233937297745e-11,7
1198,1.879004688901672e-05,8.808359217893113e-06,9.963408876386099e-11,7
1199,1.879004688901672e-05,8.797268481200864e-06,9.985562030771076e-11,7
1200,1.879004688901672e-05,8.786200937701906e-06,1.0007693381763776e-10,7
1201,1.879004688901672e-05,8.775156519627029e-06,1.0029802911089436e-10,7
1202,1.879004688901672e-05,8.76413515946125e-06,1.0051890600883792e-10,7
1203,1.879004688901672e-05,8.753136789942643e-06,1.0073956433689517e-10,7
1204,1.879004688901672e-05,8.742161344061184e-06,1.0096000392452638e-10,7
1205,1.879004688901672e-05,8.731208755057586e-06,1.0118022460519046e-10,7
1206,1.879004688901672e-05,8.720278956422177e-06,1.0140022621630935e-10,7
1207,1.879004688901672e-05,8.709371881893739e-06,1.0162000859923388e-10,7
1208,1.879004688901672e-05,8.698487465458393e-06,1.0183957159920883e-10,7
1209,1.879004688901672e-05,8.687625641348455e-06,1.020589150653392e-10,7
1210,1.879004688901672e-05,8.676786344041329e-06,1.0227803885055592e-10,7
1211,1.879004688901672e-05,8.665969508258384e-06,1.0249694281158253e-10,7
1212,1.879004688901672e-05,8.655175068963848e-06,1.0271562680890177e-10,7
1213,1.879004688901672e-05,8.644402961363703e-06,1.0293409070672251e-10,7
1214,1.879004688901672e-05,8.633653120904595e-06,1.0315233437294678e-10,7
1215,1.8545261716353297e-05,8.622925483272734e-06,9.845275632230339e-11,7
1216,1.8545261716353297e-05,8.612219984392808e-06,9.866531804886863e-11,7
1217,1.8545261716353297e-05,8.601536560426916e-06,9.887766997660314e-11,7
1218,1.8545261716353297e-05,8.590875147773479e-06,9.908981195672228e-11,7
1219,1.8545261716353297e-05,8.580235683066183e-06,9.930174384408992e-11,7
1220,1.8545261716353297e-05,8.569618103172912e-06,9.951346549718662e-11,7
1221,1.8545261716353297e-05,8.55902234519469e-06,9.972497677807825e-11,7
1222,1.8545261716353297e-05,8.548448346464635e-06,9.993627755238471e-11,7
1223,1.8545261716353297e-05,8.537896044546905e-06,1.00147367689249e-10,7
1224,1.8545261716353297e-05,8.527365377235672e-06,1.003582470613063e-10,7
1225,1.8545261716353297e-05,8.516856282554073e-06,1.005689155446538e-10,7
1226,1.8545261716353297e-05,8.506368698753189e-06,1.0077937301882021e-10,7
1227,1.8545261716353297e-05,8.495902564311022e-06,1.0098961936673583e-10,7
1228,1.8545261716353297e-05,8.48545781793147e-06,1.01199654474703e-10,7
1229,1.8545261716353297e-05,8.475034398543322e-06,1.0140947823236628e-10,7
1230,1.8545261716353297e-05,8.464632245299257e-06,1.0161909053268326e-10,7
1231,1.8545261716353297e-05,8.45425129757482e-06,1.0182849127189578e-10,7
1232,1.8545261716353297e-05,8.443891494967446e-06,1.0203768034950084e-10,7
1233,1.8545261716353297e-05,8.433552777295456e-06,1.0224665766822224e-10,7
1234,1.8545261716353297e-05,8.423235084597087e-06,1.0245542313398197e-10,7
1235,1.8545261716353297e-05,8.41293835712949e-06,1.0266397665587242e-10,7
1236,1.8545261716353297e-05,8.402662535367772e-06,1.0287231814612825e-10,7
1237,1.8545261716353297e-05,8.392407560004009e-06,1.0308044752009903e-10,7
1238,1.8545261716353297e-05,8.382173371946301e-06,1.0328836469622134e-10,7
1239,1.8545261716353297e-05,8.37195991231779e-06,1.0349606959599211e-10,7
1240,1.8545261716353297e-05,8.361767122455722e-06,1.0370356214394113e-10,7
1241,1.8545261716353297e-05,8.351594943910487e-06,1.0391084226760461e-10,7
1242,1.8545261716353297e-05,8.341443318444675e-06,1.0411790989749849e-10,7
1243,1.8545261716353297e-05,8.331312188032136e-06,1.0432476496709207e-10,7
1244,1.8545261716353297e-05,8.321201494857045e-06,1.04531407412782e-10,7
1245,1.8545261716353297e-05,8.311111181312975e-06,1.0473783717386612e-10,7
1246,1.76069967974994e-05,8.301041190001965e-06,8.660080976871298e-11,7
1247,1.76069967974994e-05,8.290991463733596e-06,8.678795537875293e-11,7
1248,1.76069967974994e-05,8.280961945524093e-06,8.69749260602581e-11,7
1249,1.76069967974994e-05,8.270952578595392e-06,8.716172165733097e-11,7
1250,1.76069967974994e-05,8.260963306374243e-06,8.73483420172331e-11,7
1251,1.76069967974994e-05,8.250994072491307e-06,8.753478699035887e-11,7
1252,1.76069967974994e-05,8.241044820780267e-06,8.772105643020905e-11,7
1253,1.76069967974994e-05,8.231115495276916e-06,8.79071501933652e-11,7
1254,1.76069967974994e-05,8.22120604021829e-06,8.809306813946353e-11,7
1255,1.76069967974994e-05,8.211316400041773e-06,8.827881013116952e-11,7
1256,1.76069967974994e-05,8.201446519384218e-06,8.846437603415258e-11,7
1257,1.76069967974994e-05,8.191596343081077e-06,8.864976571706078e-11,7
1258,1.76069967974994e-05,8.181765816165531e-06,8.883497905149582e-11,7
1259,1.76069967974994e-05,8.171954883867627e-06,8.902001591198833e-11,7
1260,1.76069967974994e-05,8.162163491613403e-06,8.920487617597343e-11,7
1261,1.76069967974994e-05,8.152391585024054e-06,8.938955972376599e-11,7
1262,1.76069967974994e-05,8.142639109915067e-06,8.957406643853668e-11,7
1263,1.76069967974994e-05,8.132906012295367e-06,8.975839620628799e-11,7
1264,1.76069967974994e-05,8.123192238366493e-06,8.994254891583013e-11,7
1265,1.76069967974994e-05,8.11349773452174e-06,9.012652445875773e-11,7
1266,1.76069967974994e-05,8.10382244734534e-06,9.031032272942605e-11,7
1267,1.76069967974994e-05,8.09416632361162e-06,9.049394362492801e-11,7
1268,1.76069967974994e-05,8.084529310284187e-06,9.067738704507082e-11,7
1269,1.76069967974994e-05,8.07491135451509e-06,9.086065289235338e-11,7
1270,1.7362211624835983e-05,8.065312403644025e-06,8.643233512899962e-11,7
1271,1.7362211624835983e-05,8.0557324051975e-06,8.661055546556291e-11,7
1272,1.7362211624835983e-05,8.046171306888041e-06,8.678860720563159e-11,7
1273,1.7362211624835983e-05,8.03662905661338e-06,8.696649023673728e-11,7
1274,1.7362211624835983e-05,8.027105602455655e-06,8.714420444908147e-11,7
1275,1.7362211624835983e-05,8.017600892680614e-06,8.73217497355133e-11,7
1276,1.7362211624835983e-05,8.008114875736826e-06,8.749912599150742e-11,7
1277,1.7362211624835983e-05,7.998647500254882e-06,8.767633311514223e-11,7
1278,1.7362211624835983e-05,7.989198715046623e-06,8.7853371007078e-11,7
1279,1.7362211624835983e-05,7.97976846910435e-06,8.803023957053538e-11,7
1280,1.7362211624835983e-05,7.970356711600048e-06,8.820693871127396e-11,7
1281,1.7362211624835983e-05,7.960963391884627e-06,8.838346833757098e-11,7
1282,1.7362211624835983e-05,7.951588459487128e-06,8.855982836020051e-11,7
1283,1.7362211624835983e-05,7.942231864113981e-06,8.873601869241213e-11,7
1284,1.7362211624835983e-05,7.93289355564823e-06,8.891203924991064e-11,7
1285,1.7362211624835983e-05,7.923573484148789e-06,8.908788995083502e-11,7
1286,1.7362211624835983e-05,7.914271599849669e-06,8.92635707157384e-11,7
1287,1.7362211624835983e-05,7.90498785315925e-06,8.94390814675675e-11,7
1288,1.7362211624835983e-05,7.895722194659518e-06,8.961442213164273e-11,7
1289,1.7362211624835983e-05,7.886474575105339e-06,8.9789592635638e-11,7
1290,1.7362211624835983e-05,7.877244945423702e-06,8.996459290956123e-11,7
1291,1.7362211624835983e-05,7.868033256713001e-06,9.013942288573436e-11,7
1292,1.7362211624835983e-05,7.858839460242298e-06,9.031408249877406e-11,7
1293,1.7362211624835983e-05,7.84966350745059e-06,9.048857168557237e-11,7
1294,1.7362211624835983e-05,7.840505349946098e-06,9.06628903852774e-11,7
1295,1.7362211624835983e-05,7.831364939505536e-06,9.083703853927437e-11,7
1296,1.7362211624835983e-05,7.8222422280734e-06,9.101101609116663e-11,7
1297,1.7362211624835983e-05,7.813137167761251e-06,9.118482298675708e-11,7
1298,1.7362211624835983e-05,7.80404971084702e-06,9.135845917402916e-11,7
1299,1.7362211624835983e-05,7.79497980977428e-06,9.153192460312884e-11,7
1300,1.7362211624835983e-05,7.785927417151558e-06,9.170521922634611e-11,7
1301,1.7362211624835983e-05,7.776892485751642e-06,9.187834299809657e-11,7
1302,1.7362211624835983e-05,7.76787496851087e-06,9.205129587490375e-11,7
1303,1.7362211624835983e-05,7.758874818528452e-06,9.222407781538092e-11,7
1304,1.7362211624835983e-05,7.749891989065772e-06,9.239668878021356e-11,7
1305,1.7362211624835983e-05,7.740926433545713e-06,9.256912873214143e-11,7
1306,1.7362211624835983e-05,7.731978105551969e-06,9.274139763594137e-11,7
1307,1.7362211624835983e-05,7.723046958828368e-06,9.291349545840968e-11,7
1308,1.7362211624835983e-05,7.714132947278203e-06,9.308542216834509e-11,7
1309,1.7362211624835983e-05,7.705236024963549e-06,9.325717773653156e-11,7
1310,1.7362211624835983e-05,7.696356146104609e-06,9.342876213572132e-11,7
1311,1.7362211624835983e-05,7.687493265079044e-06,9.3600175340618e-11,7
1312,1.7362211624835983e-05,7.678647336421309e-06,9.377141732786e-11,7
1313,1.7362211624835983e-05,7.669818314821995e-06,9.39424880760039e-11,7
1314,1.7362211624835983e-05,7.66100615512718e-06,9.411338756550798e-11,7
1315,1.7362211624835983e-05,7.652210812337776e-06,9.428411577871583e-11,7
1316,1.7362211624835983e-05,7.643432241608877e-06,9.445467269984024e-11,7
1317,1.7362211624835983e-05,7.634670398249114e-06,9.462505831494716e-11,7
1318,1.7362211624835983e-05,7.6259252377200204e-06,9.479527261193962e-11,7
1319,1.7362211624835983e-05,7.617196715635386e-06,9.496531558054189e-11,7
1320,1.7362211624835983e-05,7.608484787760624e-06,9.513518721228409e-11,7
1321,1.7362211624835983e-05,7.59978941001214e-06,9.530488750048605e-11,7
1322,1.7362211624835983e-05,7.5911105384567015e-06,9.547441644024237e-11,7
1323,1.7362211624835983e-05,7.582448129310811e-06,9.564377402840673e-11,7
1324,1.7362211624835983e-05,7.573802138940085e-06,9.581296026357678e-11,7
1325,1.7362211624835983e-05,7.56517252385863e-06,9.598197514607915e-11,7
1326,1.7362211624835983e-05,7.556559240728434e-06,9.615081867795407e-11,7
1327,1.7362211624835983e-05,7.547962246358745e-06,9.631949086294083e-11,7
1328,1.7362211624835983e-05,7.539381497705458e-06,9.648799170646309e-11,7
1329,1.7362211624835983e-05,7.530816951870515e-06,9.665632121561375e-11,7
1330,1.7362211624835983e-05,7.5222685661013e-06,9.682447939914086e-11,7
1331,1.7362211624835983e-05,7.513736297790027e-06,9.699246626743294e-11,7
1332,1.7362211624835983e-05,7.505220104473149e-06,9.71602818325048e-11,7
1333,1.7362211624835983e-05,7.496719943830765e-06,9.732792610798315e-11,7
1334,1.7362211624835983e-05,7.488235773686014e-06,9.749539910909274e-11,7
1335,1.7362211624835983e-05,7.479767552004504e-06,9.766270085264206e-11,7
1336,1.7362211624835983e-05,7.471315236893702e-06,9.782983135700968e-11,7
1337,1.7362211624835983e-05,7.462878786602366e-06,9.799679064213041e-11,7
1338,1.7362211624835983e-05,7.454458159519959e-06,9.816357872948166e-11,7
1339,1.7362211624835983e-05,7.44605331417607e-06,9.833019564206966e-11,7
1340,1.7362211624835983e-05,7.437664209239833e-06,9.849664140441622e-11,7
1341,1.7362211624835983e-05,7.429290803519363e-06,9.866291604254522e-11,7
1342,1.7362211624835983e-05,7.420933055961177e-06,9.882901958396951e-11,7
1343,1.7362211624835983e-05,7.412590925649632e-06,9.899495205767747e-11,7
1344,1.7362211624835983e-05,7.404264371806353e-06,9.916071349412035e-11,7
1345,1.7362211624835983e-05,7.395953353789682e-06,9.93263039251988e-11,7
1346,1.7362211624835983e-05,7.387657831094108e-06,9.949172338425043e-11,7
1347,1.7362211624835983e-05,7.3793777633497144e-06,9.965697190603686e-11,7
1348,1.7362211624835983e-05,7.371113110321627e-06,9.982204952673097e-11,7
1349,1.7362211624835983e-05,7.362863831909454e-06,9.998695628390464e-11,7
1350,1.7362211624835983e-05,7.354629888146752e-06,1.0015169221651582e-10,7
1351,1.7362211624835983e-05,7.346411239200463e-06,1.0031625736489664e-10,7
1352,1.7362211624835983e-05,7.338207845370385e-06,1.0048065177074059e-10,7
1353,1.7362211624835983e-05,7.330019667088621e-06,1.0064487547709082e-10,7
1354,1.7362211624835983e-05,7.321846664919049e-06,1.0080892852832778e-10,7
1355,1.7362211624835983e-05,7.3136887995567764e-06,1.0097281097015723e-10,7
1356,1.7362211624835983e-05,7.305546031827617e-06,1.0113652284959829e-10,7
1357,1.7362211624835983e-05,7.297418322687552e-06,1.0130006421497191e-10,7
1358,1.7362211624835983e-05,7.28930563322221e-06,1.0146343511588865e-10,7
1359,1.7362211624835983e-05,7.281207924646336e-06,1.0162663560323736e-10,7
1360,1.7362211624835983e-05,7.273125158303267e-06,1.0178966572917362e-10,7
1361,1.7362211624835983e-05,7.265057295664418e-06,1.0195252554710809e-10,7
1362,1.8196115907568028e-05,7.257004298328756e-06,1.1966416279939343e-10,6
1363,1.8196115907568028e-05,7.248966128022292e-06,1.1984008829580826e-10,6
1364,1.8196115907568028e-05,7.240942746597562e-06,1.2001581898684763e-10,6
1365,1.8196115907568028e-05,7.23293411603312e-06,1.2019135499424255e-10,6
1366,1.8196115907568028e-05,7.224940198433028e-06,1.2036669644071387e-10,6
1367,1.8196115907568028e-05,7.216960956026353e-06,1.205418434499621e-10,6
1368,1.7910533206127376e-05,7.208996351166658e-06,1.1452289105808256e-10,6
1369,1.7910533206127376e-05,7.2010463463315045e-06,1.1469310880014044e-10,6
1370,1.7910533206127376e-05,7.193110904121959e-06,1.1486314079952309e-10,6
1371,1.7910533206127376e-05,7.1851899872620835e-06,1.150329871624597e-10,6
1372,1.7910533206127376e-05,7.177283558598457e-06,1.1520264799617966e-10,6
1373,1.7910533206127376e-05,7.169391581099671e-06,1.1537212340890282e-10,6
1374,1.7910533206127376e-05,7.161514017855851e-06,1.1554141350982943e-10,6
1375,1.7910533206127376e-05,7.1536508320781584e-06,1.1571051840913071e-10,6
1376,1.7910533206127376e-05,7.145801987098318e-06,1.1587943821793886e-10,6
1377,1.7910533206127376e-05,7.137967446368124e-06,1.1604817304833745e-10,6
1378,1.6615885844512398e-05,7.1301471734589695e-06,8.997923813551846e-11,5
1379,1.6615885844512398e-05,7.122341132061365e-06,9.012739120730697e-11,5
1380,1.6615885844512398e-05,7.114549285984459e-06,9.027539639841953e-11,5
1381,1.6615885844512398e-05,7.106771599155572e-06,9.04232537312481e-11,5
1382,1.6615885844512398e-05,7.099008035619722e-06,9.057096322939385e-11,5
1383,1.6615885844512398e-05,7.091258559539152e-06,9.07185249176568e-11,5
1384,1.6615885844512398e-05,7.083523135192869e-06,9.086593882202555e-11,5
1385,1.6615885844512398e-05,7.07580172697618e-06,9.10132049696668e-11,5
1386,1.6615885844512398e-05,7.068094299400222e-06,9.116032338891554e-11,5
1387,1.6615885844512398e-05,7.060400817091511e-06,9.130729410926474e-11,5
1388,1.6615885844512398e-05,7.05272124479148e-06,9.145411716135534e-11,5
1389,1.6615885844512398e-05,7.045055547356021e-06,9.160079257696642e-11,5
1390,1.6615885844512398e-05,7.037403689755035e-06,9.174732038900523e-11,5
1391,1.6615885844512398e-05,7.029765637071982e-06,9.189370063149749e-11,5
1392,1.6615885844512398e-05,7.0221413545034255e-06,9.203993333957753e-11,5
1393,1.6615885844512398e-05,7.014530807358588e-06,9.218601854947882e-11,5
1394,1.6615885844512398e-05,7.006933961058908e-06,9.233195629852435e-11,5
1395,1.6615885844512398e-05,6.9993507811375975e-06,9.247774662511696e-11,5
1396,1.6615885844512398e-05,6.991781233239194e-06,9.262338956873016e-11,5
1397,1.6615885844512398e-05,6.984225283119129e-06,9.276888516989852e-11,5
1398,1.6615885844512398e-05,6.976682896643286e-06,9.291423347020858e-11,5
1399,1.6615885844512398e-05,6.96915403978757e-06,9.305943451228952e-11,5
1400,1.6615885844512398e-05,6.961638678637473e-06,9.320448833980402e-11,5
1401,1.6615885844512398e-05,6.954136779387637e-06,9.33493949974392e-11,5
1402,1.6615885844512398e-05,6.946648308341435e-06,9.349415453089752e-11,5
1403,1.6615885844512398e-05,6.93917323191054e-06,9.36387669868879e-11,5
1404,1.6615885844512398e-05,6.931711516614495e-06,9.378323241311679e-11,5
1405,1.6615885844512398e-05,6.9242631290803e-06,9.392755085827945e-11,5
1406,1.6615885844512398e-05,6.9168280360419815e-06,9.407172237205095e-11,5
1407,1.6615885844512398e-05,6.90940620434018e-06,9.421574700507778e-11,5
1408,1.6615885844512398e-05,6.901997600921727e-06,9.435962480896906e-11,5
1409,1.6615885844512398e-05,6.894602192839237e-06,9.450335583628787e-11,5
1410,1.6615885844512398e-05,6.887219947250689e-06,9.464694014054294e-11,5
1411,1.6615885844512398e-05,6.879850831419016e-06,9.479037777618024e-11,5
1412,1.6615885844512398e-05,6.872494812711696e-06,9.493366879857433e-11,5
1413,1.6615885844512398e-05,6.865151858600343e-06,9.507681326402037e-11,5
1414,1.6615885844512398e-05,6.857821936660307e-06,9.521981122972562e-11,5
1415,1.6615885844512398e-05,6.850505014570259e-06,9.53626627538014e-11,5
1416,1.6615885844512398e-05,6.843201060111803e-06,9.550536789525491e-11,5
1417,1.6615885844512398e-05,6.835910041169066e-06,9.564792671398107e-11,5
1418,1.6615885844512398e-05,6.828631925728298e-06,9.579033927075473e-11,5
1419,1.6615885844512398e-05,6.821366681877487e-06,9.593260562722248e-11,5
1420,1.6615885844512398e-05,6.814114277805951e-06,9.607472584589496e-11,5
1421,1.6615885844512398e-05,6.806874681803955e-06,9.621669999013884e-11,5
1422,1.6615885844512398e-05,6.799647862262315e-06,9.635852812416916e-11,5
1423,1.6615885844512398e-05,6.792433787672011e-06,9.650021031304162e-11,5
1424,1.6615885844512398e-05,6.785232426623796e-06,9.664174662264487e-11,5
1425,1.6615885844512398e-05,6.778043747807816e-06,9.67831371196928e-11,5
1426,1.6615885844512398e-05,6.7708677200132184e-06,9.692438187171735e-11,5
1427,1.6615885844512398e-05,6.763704312127778e-06,9.706548094706057e-11,5
1428,1.6615885844512398e-05,6.756553493137511e-06,9.720643441486746e-11,5
1429,1.6615885844512398e-05,6.7494152321263006e-06,9.734724234507848e-11,5
1430,1.6615885844512398e-05,6.7422894982755115e-06,9.748790480842239e-11,5
1431,1.6615885844512398e-05,6.735176260863625e-06,9.762842187640872e-11,5
1432,1.6615885844512398e-05,6.728075489265861e-06,9.776879362132066e-11,5
1433,1.6615885844512398e-05,6.720987152953802e-06,9.790902011620802e-11,5
1434,1.6615885844512398e-05,6.713911221495032e-06,9.804910143487991e-11,5
1435,1.6615885844512398e-05,6.706847664552757e-06,9.818903765189787e-11,5
1436,1.6615885844512398e-05,6.699796451885449e-06,9.832882884256869e-11,5
1437,1.6615885844512398e-05,6.692757553346473e-06,9.846847508293758e-11,5
1438,1.6615885844512398e-05,6.685730938883727e-06,9.860797644978114e-11,5
1439,1.6615885844512398e-05,6.678716578539278e-06,9.874733302060075e-11,5
1440,1.6615885844512398e-05,6.671714442449005e-06,9.888654487361541e-11,5
1441,1.6615885844512398e-05,6.664724500842236e-06,9.902561208775533e-11,5
1442,1.6615885844512398e-05,6.657746724041395e-06,9.9164534742655e-11,5
1443,1.6615885844512398e-05,6.6507810824616445e-06,9.93033129186466e-11,5
1444,1.6615885844512398e-05,6.643827546610531e-06,9.94419466967535e-11,5
1445,1.6615885844512398e-05,6.6368860870876365e-06,9.958043615868342e-11,5
1446,1.6615885844512398e-05,6.6299566745842226e-06,9.971878138682241e-11,5
1447,1.6615885844512398e-05,6.6230392798828834e-06,9.985698246422788e-11,5
1448,1.6615885844512398e-05,6.616133873857203e-06,9.999503947462245e-11,5
1449,1.6615885844512398e-05,6.609240427471401e-06,1.0013295250238758e-10,5
1450,1.6615885844512398e-05,6.602358911779994e-06,1.002707216325572e-10,5
1451,1.6615885844512398e-05,6.595489297927452e-06,1.004083469508115e-10,5
1452,1.6615885844512398e-05,6.588631557147854e-06,1.0054582854347063e-10,5
1453,1.6615885844512398e-05,6.581785660764553e-06,1.0068316649748856e-10,5
1454,1.6615885844512398e-05,6.574951580189832e-06,1.0082036090044694e-10,5
1455,1.6615885844512398e-05,6.568129286924576e-06,1.0095741184054907e-10,5
1456,1.6615885844512398e-05,6.5613187525579275e-06,1.0109431940661375e-10,5
1457,1.6615885844512398e-05,6.554519948766955e-06,1.0123108368806948e-10,5
1458,1.6615885844512398e-05,6.547732847316325e-06,1.0136770477494827e-10,5
1459,1.6615885844512398e-05,6.54095742005797e-06,1.0150418275787978e-10,5
1460,1.6615885844512398e-05,6.534193638930755e-06,1.0164051772808563e-10,5
1461,1.6615885844512398e-05,6.527441475960152e-06,1.017767097773735e-10,5
1462,1.6615885844512398e-05,6.520700903257918e-06,1.0191275899813123e-10,5
1463,1.6615885844512398e-05,6.513971893021764e-06,1.0204866548332111e-10,5
1464,1.6615885844512398e-05,6.507254417535031e-06,1.0218442932647448e-10,5
1465,1.6615885844512398e-05,6.500548449166379e-06,1.0232005062168557e-10,5
1466,1.6615885844512398e-05,6.493853960369448e-06,1.0245552946360645e-10,5
1467,1.6615885844512398e-05,6.487170923682557e-06,1.0259086594744105e-10,5
1468,1.6615885844512398e-05,6.480499311728372e-06,1.0272606016893978e-10,5
1469,1.6615885844512398e-05,6.473839097213603e-06,1.0286111222439407e-10,5
1470,1.6615885844512398e-05,6.467190252928676e-06,1.0299602221063084e-10,5
1471,1.6615885844512398e-05,6.460552751747429e-06,1.0313079022500732e-10,5
1472,1.6615885844512398e-05,6.453926566626794e-06,1.032654163654053e-10,5
1473,1.6615885844512398e-05,6.447311670606492e-06,1.0339990073022616e-10,5
1474,1.6615885844512398e-05,6.440708036808716e-06,1.0353424341838551e-10,5
1475,1.6615885844512398e-05,6.434115638437827e-06,1.036684445293078e-10,5
1476,1.6615885844512398e-05,6.427534448780053e-06,1.0380250416292121e-10,5
1477,1.6615885844512398e-05,6.420964441203174e-06,1.0393642241965251e-10,5
1478,1.6615885844512398e-05,6.414405589156218e-06,1.04070199400422e-10,5
1479,1.6615885844512398e-05,6.407857866169173e-06,1.0420383520663808e-10,5
1480,1.6615885844512398e-05,6.401321245852666e-06,1.0433732994019267e-10,5
1481,1.6615885844512398e-05,6.394795701897675e-06,1.0447068370345585e-10,5
1482,1.6615885844512398e-05,6.388281208075228e-06,1.0460389659927109e-10,5
1483,1.6615885844512398e-05,6.3817777382361045e-06,1.0473696873095014e-10,5
1484,1.6615885844512398e-05,6.37528526631054e-06,1.0486990020226822e-10,5
1485,1.627318660278361e-05,6.368803766307932e-06,9.8096799371474e-11,5
1486,1.627318660278361e-05,6.362333212316545e-06,9.822501492733254e-11,5
1487,1.627318660278361e-05,6.355873578503219e-06,9.83530976215615e-11,5
1488,1.627318660278361e-05,6.3494248391130795e-06,9.848104754208924e-11,5
1489,1.627318660278361e-05,6.342986968469245e-06,9.860886477733719e-11,5
1490,1.627318660278361e-05,6.3365599409725425e-06,9.873654941621458e-11,5
1491,1.627318660278361e-05,6.330143731101219e-06,9.886410154811405e-11,5
1492,1.627318660278361e-05,6.323738313410654e-06,9.899152126290648e-11,5
1493,1.627318660278361e-05,6.317343662533075e-06,9.911880865093644e-11,5
1494,1.627318660278361e-05,6.310959753177278e-06,9.924596380301733e-11,5
1495,1.627318660278361e-05,6.30458656012834e-06,9.937298681042667e-11,5
1496,1.627318660278361e-05,6.298224058247342e-06,9.949987776490149e-11,5
1497,1.627318660278361e-05,6.291872222471088e-06,9.962663675863357e-11,5
1498,1.627318660278361e-05,6.2855310278118245e-06,9.975326388426501e-11,5
1499,1.627318660278361e-05,6.2792004493569695e-06,9.987975923488345e-11,5
1500,1.627318660278361e-05,6.272880462268826e-06,1.0000612290401771e-10,5
1501,1.627318660278361e-05,6.266571041784317e-06,1.0013235498563321e-10,5
1502,1.627318660278361e-05,6.260272163214709e-06,1.0025845557412742e-10,5
1503,1.627318660278361e-05,6.253983801945337e-06,1.003844247643255e-10,5
1504,1.627318660278361e-05,6.247705933435332e-06,1.0051026265147602e-10,5
1505,1.627318660278361e-05,6.241438533217361e-06,1.0063596933124616e-10,5
1506,1.627318660278361e-05,6.235181576897342e-06,1.0076154489971802e-10,5
1507,1.627318660278361e-05,6.22893504015419e-06,1.0088698945338357e-10,5
1508,1.627318660278361e-05,6.222698898739545e-06,1.0101230308914096e-10,5
1509,1.627318660278361e-05,6.216473128477505e-06,1.0113748590428999e-10,5
1510,1.627318660278361e-05,6.210257705264363e-06,1.0126253799652795e-10,5
1511,1.627318660278361e-05,6.204052605068347e-06,1.013874594639454e-10,5
1512,1.627318660278361e-05,6.197857803929351e-06,1.0151225040502203e-10,5
1513,1.627318660278361e-05,6.191673277958683e-06,1.0163691091862258e-10,5
1514,1.627318660278361e-05,6.185499003338792e-06,1.0176144110399279e-10,5
1515,1.627318660278361e-05,6.179334956323028e-06,1.0188584106075501e-10,5
1516,1.627318660278361e-05,6.173181113235367e-06,1.0201011088890465e-10,5
1517,1.627318660278361e-05,6.1670374504701606e-06,1.0213425068880586e-10,5
1518,1.627318660278361e-05,6.160903944491886e-06,1.0225826056118756e-10,5
1519,1.627318660278361e-05,6.154780571834884e-06,1.0238214060713959e-10,5
1520,1.627318660278361e-05,6.1486673091031085e-06,1.0250589092810873e-10,5
1521,1.627318660278361e-05,6.142564132969877e-06,1.0262951162589492e-10,5
1522,1.627318660278361e-05,6.1364710201776134e-06,1.0275300280264723e-10,5
1523,1.627318660278361e-05,6.130387947537606e-06,1.0287636456086015e-10,5
1524,1.627318660278361e-05,6.124314891929752e-06,1.0299959700336973e-10,5
1525,1.627318660278361e-05,6.118251830302315e-06,1.0312270023334975e-10,5
1526,1.627318660278361e-05,6.112198739671668e-06,1.0324567435430824e-10,5
1527,1.627318660278361e-05,6.106155597122064e-06,1.0336851947008324e-10,5
1528,1.627318660278361e-05,6.100122379805374e-06,1.0349123568483978e-10,5
1529,1.627318660278361e-05,6.094099064940859e-06,1.0361382310306565e-10,5
1530,1.627318660278361e-05,6.088085629814913e-06,1.0373628182956792e-10,5
1531,1.627318660278361e-05,6.082082051780834e-06,1.0385861196946953e-10,5
1532,1.627318660278361e-05,6.076088308258573e-06,1.0398081362820541e-10,5
1533,1.627318660278361e-05,6.070104376734503e-06,1.041028869115192e-10,5
1534,1.627318660278361e-05,6.0641302347611754e-06,1.0422483192545945e-10,5
1535,1.627318660278361e-05,6.058165859957081e-06,1.0434664877637628e-10,5
1536,1.627318660278361e-05,6.05221123000642e-06,1.0446833757091785e-10,5
1537,1.627318660278361e-05,6.046266322658862e-06,1.0458989841602689e-10,5
1538,1.627318660278361e-05,6.04033111572931e-06,1.0471133141893731e-10,5
1539,1.627318660278361e-05,6.034405587097672e-06,1.048326366871708e-10,5
1540,1.627318660278361e-05,6.028489714708623e-06,1.0495381432853334e-10,5
1541,1.627318660278361e-05,6.022583476571377e-06,1.0507486445111202e-10,5
1542,1.627318660278361e-05,6.0166868507594555e-06,1.0519578716327155e-10,5
1543,1.627318660278361e-05,6.0107998154104594e-06,1.0531658257365102e-10,5
1544,1.627318660278361e-05,6.0049223487258345e-06,1.0543725079116072e-10,5
1545,1.627318660278361e-05,5.999054428970654e-06,1.0555779192497857e-10,5
1546,1.627318660278361e-05,5.993196034473381e-06,1.0567820608454728e-10,5
1547,1.627318660278361e-05,5.987347143625648e-06,1.0579849337957097e-10,5
1548,1.627318660278361e-05,5.981507734882035e-06,1.059186539200119e-10,5
1549,1.627318660278361e-05,5.975677786759841e-06,1.0603868781608727e-10,5
1550,1.627318660278361e-05,5.969857277838859e-06,1.0615859517826648e-10,5
1551,1.627318660278361e-05,5.964046186761163e-06,1.062783761172675e-10,5
1552,1.627318660278361e-05,5.9582444922308775e-06,1.0639803074405411e-10,5
1553,1.627318660278361e-05,5.9524521730139636e-06,1.0651755916983262e-10,5
1554,1.627318660278361e-05,5.946669207937995e-06,1.066369615060491e-10,5
1555,1.627318660278361e-05,5.940895575891944e-06,1.0675623786438608e-10,5
1556,1.627318660278361e-05,5.9351312558259636e-06,1.068753883567596e-10,5
1557,1.627318660278361e-05,5.929376226751164e-06,1.069944130953165e-10,5
1558,1.627318660278361e-05,5.923630467739411e-06,1.0711331219243105e-10,5
1559,1.627318660278361e-05,5.917893957923096e-06,1.0723208576070227e-10,5
1560,1.627318660278361e-05,5.912166676494933e-06,1.0735073391295105e-10,5
1561,1.627318660278361e-05,5.90644860270774e-06,1.0746925676221708e-10,5
1562,1.627318660278361e-05,5.900739715874233e-06,1.0758765442175604e-10,5
1563,1.627318660278361e-05,5.895039995366805e-06,1.0770592700503698e-10,5
1564,1.627318660278361e-05,5.889349420617326e-06,1.0782407462573906e-10,5
1565,1.627318660278361e-05,5.883667971116929e-06,1.0794209739774913e-10,5
1566,1.627318660278361e-05,5.8779956264158e-06,1.0805999543515877e-10,5
1567,1.627318660278361e-05,5.872332366122974e-06,1.0817776885226154e-10,5
1568,1.627318660278361e-05,5.866678169906125e-06,1.0829541776355025e-10,5
1569,1.7026755731512003e-05,5.861033017491364e-06,1.2467336372639644e-10,4
1570,1.7026755731512003e-05,5.855396888663028e-06,1.247992583957e-10,4
1571,1.7026755731512003e-05,5.849769763263483e-06,1.249250153344243e-10,4
1572,1.7026755731512003e-05,5.844151621192913e-06,1.2505063468812541e-10,4
1573,1.7026755731512003e-05,5.838542442409128e-06,1.2517611660245821e-10,4
1574,1.7026755731512003e-05,5.832942206927346e-06,1.2530146122317442e-10,4
1575,1.7026755731512003e-05,5.827350894820012e-06,1.2542666869611996e-10,4
1576,1.7026755731512003e-05,5.8217684862165805e-06,1.255517391672331e-10,4
1577,1.7026755731512003e-05,5.816194961303329e-06,1.2567667278254167e-10,4
1578,1.7026755731512003e-05,5.810630300323151e-06,1.2580146968816131e-10,4
1579,1.7026755731512003e-05,5.8050744835753645e-06,1.2592613003029283e-10,4
1580,1.7026755731512003e-05,5.7995274914155095e-06,1.2605065395522019e-10,4
1581,1.7026755731512003e-05,5.7939893042551594e-06,1.261750416093085e-10,4
1582,1.7026755731512003e-05,5.788459902561717e-06,1.262992931390014e-10,4
1583,1.7026755731512003e-05,5.78293926685823e-06,1.2642340869081929e-10,4
1584,1.7026755731512003e-05,5.777427377723185e-06,1.26547388411357e-10,4
1585,1.7026755731512003e-05,5.771924215790332e-06,1.2667123244728179e-10,4
1586,1.7026755731512003e-05,5.7664297617484724e-06,1.2679494094533102e-10,4
1587,1.7026755731512003e-05,5.760943996341288e-06,1.269185140523102e-10,4
1588,1.7026755731512003e-05,5.755466900367133e-06,1.2704195191509112e-10,4
1589,1.7026755731512003e-05,5.749998454678855e-06,1.2716525468060935e-10,4
1590,1.7026755731512003e-05,5.744538640183605e-06,1.2728842249586263e-10,4
1591,1.7026755731512003e-05,5.739087437842645e-06,1.274114555079085e-10,4
1592,1.7026755731512003e-05,5.733644828671164e-06,1.2753435386386263e-10,4
1593,1.7026755731512003e-05,5.728210793738093e-06,1.2765711771089645e-10,4
1594,1.7026755731512003e-05,5.722785314165916e-06,1.2777974719623546e-10,4
1595,1.7026755731512003e-05,5.717368371130485e-06,1.2790224246715726e-10,4
1596,1.7026755731512003e-05,5.7119599458608374e-06,1.2802460367098936e-10,4
1597,1.7026755731512003e-05,5.706560019639015e-06,1.2814683095510757e-10,4
1598,1.7026755731512003e-05,5.701168573799875e-06,1.2826892446693385e-10,4
1599,1.7026755731512003e-05,5.695785589730914e-06,1.2839088435393456e-10,4
1600,1.7026755731512003e-05,5.690411048872081e-06,1.2851271076361846e-10,4
1601,1.7026755731512003e-05,5.685044932715604e-06,1.286344038435349e-10,4
1602,1.7026755731512003e-05,5.679687222805804e-06,1.2875596374127194e-10,4
1603,1.7026755731512003e-05,5.674337900738919e-06,1.2887739060445466e-10,4
1604,1.7026755731512003e-05,5.668996948162924e-06,1.2899868458074317e-10,4
1605,1.7026755731512003e-05,5.663664346777357e-06,1.291198458178307e-10,4
1606,1.7026755731512003e-05,5.658340078333137e-06,1.2924087446344227e-10,4
1607,1.7026755731512003e-05,5.653024124632391e-06,1.293617706653323e-10,4
1608,1.7026755731512003e-05,5.647716467528279e-06,1.2948253457128325e-10,4
1609,1.7026755731512003e-05,5.642417088924816e-06,1.296031663291039e-10,4
1610,1.7026755731512003e-05,5.6371259707767036e-06,1.2972366608662722e-10,4
1611,1.7026755731512003e-05,5.631843095089149e-06,1.2984403399170925e-10,4
1612,1.7026755731512003e-05,5.6265684439177005e-06,1.2996427019222678e-10,4
1613,1.7026755731512003e-05,5.6213019993680706e-06,1.3008437483607594e-10,4
1614,1.7026755731512003e-05,5.616043743595964e-06,1.3020434807117083e-10,4
1615,1.7026755731512003e-05,5.610793658806911e-06,1.3032419004544116e-10,4
1616,1.6598381679351023e-05,5.605551727256097e-06,1.2084231035567533e-10,4
1617,1.6598381679351023e-05,5.600317931248188e-06,1.209574062073338e-10,4
1618,1.6598381679351023e-05,5.5950922531371674e-06,1.2107237819702966e-10,4
1619,1.6598381679351023e-05,5.58987467532617e-06,1.2118722645766426e-10,4
1620,1.6598381679351023e-05,5.584665180267307e-06,1.2130195112218888e-10,4
1621,1.6598381679351023e-05,5.579463750461507e-06,1.2141655232360283e-10,4
1622,1.6598381679351023e-05,5.574270368458348e-06,1.215310301949518e-10,4
1623,1.6598381679351023e-05,5.569085016855888e-06,1.2164538486932636e-10,4
1624,1.6598381679351023e-05,5.563907678300511e-06,1.2175961647985974e-10,4
1625,1.6598381679351023e-05,5.558738335486748e-06,1.2187372515972683e-10,4
1626,1.6598381679351023e-05,5.553576971157129e-06,1.21987711042142e-10,4
1627,1.6598381679351023e-05,5.54842356810201e-06,1.2210157426035788e-10,4
1628,1.6598381679351023e-05,5.543278109159416e-06,1.2221531494766323e-10,4
1629,1.6598381679351023e-05,5.538140577214878e-06,1.223289332373818e-10,4
1630,1.6598381679351023e-05,5.533010955201277e-06,1.224424292628703e-10,4
1631,1.6598381679351023e-05,5.527889226098674e-06,1.2255580315751721e-10,4
1632,1.6598381679351023e-05,5.522775372934161e-06,1.2266905505474096e-10,4
1633,1.6598381679351023e-05,5.517669378781697e-06,1.2278218508798837e-10,4
1634,1.6598381679351023e-05,5.5125712267619535e-06,1.2289519339073305e-10,4
1635,1.6598381679351023e-05,5.50748090004215e-06,1.230080800964742e-10,4
1636,1.6598381679351023e-05,5.502398381835906e-06,1.2312084533873444e-10,4
1637,1.6598381679351023e-05,5.497323655403079e-06,1.2323348925105905e-10,4
1638,1.6598381679351023e-05,5.492256704049614e-06,1.2334601196701376e-10,4
1639,1.6598381679351023e-05,5.48719751112738e-06,1.2345841362018372e-10,4
1640,1.6598381679351023e-05,5.482146060034028e-06,1.235706943441719e-10,4
1641,1.6598381679351023e-05,5.477102334212825e-06,1.236828542725975e-10,4
1642,1.6598381679351023e-05,5.472066317152509e-06,1.2379489353909467e-10,4
1643,1.6598381679351023e-05,5.467037992387134e-06,1.2390681227731086e-10,4
1644,1.6598381679351023e-05,5.462017343495916e-06,1.240186106209056e-10,4
1645,1.6598381679351023e-05,5.457004354103089e-06,1.2413028870354883e-10,4
1646,1.6598381679351023e-05,5.451999007877742e-06,1.2424184665891984e-10,4
1647,1.6598381679351023e-05,5.447001288533683e-06,1.243532846207055e-10,4
1648,1.6598381679351023e-05,5.442011179829279e-06,1.2446460272259907e-10,4
1649,1.6598381679351023e-05,5.43702866556731e-06,1.2457580109829876e-10,4
1650,1.6598381679351023e-05,5.432053729594826e-06,1.2468687988150645e-10,4
1651,1.6598381679351023e-05,5.4270863558029905e-06,1.2479783920592615e-10,4
1652,1.6598381679351023e-05,5.42212652812694e-06,1.2490867920526283e-10,4
1653,1.6598381679351023e-05,5.417174230545634e-06,1.2501940001322113e-10,4
1654,1.6598381679351023e-05,5.41222944708171e-06,1.251300017635037e-10,4
1655,1.6598381679351023e-05,5.40729216180134e-06,1.2524048458981038e-10,4
1656,1.6598381679351023e-05,5.4023623588140836e-06,1.2535084862583643e-10,4
1657,1.6598381679351023e-05,5.397440022272741e-06,1.2546109400527157e-10,4
1658,1.6598381679351023e-05,5.392525136373217e-06,1.255712208617985e-10,4
1659,1.6598381679351023e-05,5.387617685354371e-06,1.256812293290918e-10,4
1660,1.6598381679351023e-05,5.382717653497876e-06,1.2579111954081642e-10,4
1661,1.6598381679351023e-05,5.37782502512808e-06,1.2590089163062679e-10,4
1662,1.6598381679351023e-05,5.37293978461186e-06,1.2601054573216515e-10,4
1663,1.6598381679351023e-05,5.368061916358481e-06,1.2612008197906086e-10,4
1664,1.6598381679351023e-05,5.363191404819461e-06,1.2622950050492863e-10,4
1665,1.6598381679351023e-05,5.358328234488428e-06,1.2633880144336752e-10,4
1666,1.6598381679351023e-05,5.353472389900977e-06,1.2644798492795994e-10,4
1667,8.512118113952329e-06,5.34862385563454e-06,1.0007695922409614e-11,3
1668,8.512118113952329e-06,5.343782616308239e-06,1.0038349825631623e-11,3
1669,8.512118113952329e-06,5.338948656582752e-06,1.0069004405183132e-11,3
1670,8.512118113952329e-06,5.334121961160178e-06,1.009965954716171e-11,3
1671,8.512118113952329e-06,5.329302514783897e-06,1.0130315138309902e-11,3
1672,8.512118113952329e-06,5.324490302238437e-06,1.0160971066011895e-11,3
1673,8.512118113952329e-06,5.319685308349335e-06,1.0191627218290202e-11,3
1674,8.512118113952329e-06,5.314887517983005e-06,1.0222283483802359e-11,3
1675,8.512118113952329e-06,5.310096916046604e-06,1.025293975183761e-11,3
1676,8.512118113952329e-06,5.305313487487894e-06,1.0283595912313703e-11,3
1677,8.512118113952329e-06,5.3005372172951115e-06,1.0314251855773575e-11,3
1678,8.512118113952329e-06,5.295768090496836e-06,1.0344907473382148e-11,3
1679,8.512118113952329e-06,5.291006092161856e-06,1.0375562656923109e-11,3
1680,8.512118113952329e-06,5.286251207399035e-06,1.0406217298795717e-11,3
1681,8.512118113952329e-06,5.281503421357185e-06,1.0436871292011613e-11,3
1682,8.512118113952329e-06,5.27676271922493e-06,1.0467524530191683e-11,3
1683,8.512118113952329e-06,5.272029086230579e-06,1.0498176907562874e-11,3
1684,8.512118113952329e-06,5.267302507641999e-06,1.0528828318955073e-11,3
1685,8.512118113952329e-06,5.26258296876648e-06,1.0559478659798012e-11,3
1686,8.512118113952329e-06,5.257870454950608e-06,1.059012782611818e-11,3
1687,8.512118113952329e-06,5.253164951580138e-06,1.0620775714535699e-11,3
1688,8.512118113952329e-06,5.248466444079867e-06,1.0651422222261306e-11,3
1689,8.512118113952329e-06,5.243774917913502e-06,1.068206724709329e-11,3
1690,8.512118113952329e-06,5.239090358583539e-06,1.0712710687414457e-11,3
1691,8.512118113952329e-06,5.234412751631134e-06,1.0743352442189114e-11,3
1692,8.512118113952329e-06,5.229742082635972e-06,1.0773992410960117e-11,3
1693,8.512118113952329e-06,5.225078337216155e-06,1.0804630493845794e-11,3
1694,8.512118113952329e-06,5.220421501028061e-06,1.0835266591537094e-11,3
1695,8.512118113952329e-06,5.215771559766233e-06,1.0865900605294548e-11,3
1696,8.512118113952329e-06,5.2111284991632445e-06,1.0896532436945386e-11,3
1697,8.512118113952329e-06,5.2064923049895844e-06,1.0927161988880597e-11,3
1698,8.512118113952329e-06,5.20186296305353e-06,1.095778916405203e-11,3
1699,8.512118113952329e-06,5.197240459201022e-06,1.0988413865969521e-11,3
1700,8.512118113952329e-06,5.192624779315549e-06,1.1019035998698008e-11,3
1701,8.512118113952329e-06,5.18801590931802e-06,1.1049655466854669e-11,3
1702,8.512118113952329e-06,5.183413835166648e-06,1.1080272175606096e-11,3
1703,8.512118113952329e-06,5.178818542856824e-06,1.1110886030665476e-11,3
1704,8.512118113952329e-06,5.1742300184210006e-06,1.1141496938289756e-11,3
1705,8.512118113952329e-06,5.16964824792857e-06,1.1172104805276884e-11,3
1706,8.512118113952329e-06,5.16507321748575e-06,1.1202709538962969e-11,3
1707,8.512118113952329e-06,5.160504913235456e-06,1.12333110472196e-11,3
1708,8.512118113952329e-06,5.155943321357193e-06,1.1263909238451003e-11,3
1709,8.512118113952329e-06,5.151388428066928e-06,1.1294504021591384e-11,3
1710,8.512118113952329e-06,5.146840219616979e-06,1.1325095306102167e-11,3
1711,8.512118113952329e-06,5.1422986822958965e-06,1.1355683001969279e-11,3
1712,8.512118113952329e-06,5.1377638024283445e-06,1.1386267019700501e-11,3
1713,8.512118113952329e-06,5.133235566374988e-06,1.1416847270322739e-11,3
1714,8.512118113952329e-06,5.128713960532373e-06,1.1447423665379405e-11,3
1715,8.512118113952329e-06,5.124198971332817e-06,1.1477996116927728e-11,3
1716,8.512118113952329e-06,5.119690585244288e-06,1.1508564537536144e-11,3
1717,8.512118113952329e-06,5.115188788770295e-06,1.1539128840281664e-11,3
1718,8.512118113952329e-06,5.110693568449771e-06,1.1569688938747282e-11,3
1719,8.512118113952329e-06,5.106204910856961e-06,1.1600244747019348e-11,3
1720,8.512118113952329e-06,5.101722802601306e-06,1.1630796179685037e-11,3
1721,8.512118113952329e-06,5.097247230327336e-06,1.1661343151829735e-11,3
1722,8.512118113952329e-06,5.0927781807145526e-06,1.169188557903452e-11,3
1723,8.512118113952329e-06,5.08831564047732e-06,1.1722423377373587e-11,3
1724,8.512118113952329e-06,5.083859596364752e-06,1.1752956463411768e-11,3
1725,8.512118113952329e-06,5.0794100351606e-06,1.1783484754202e-11,3
1726,8.512118113952329e-06,5.074966943683149e-06,1.1814008167282793e-11,3
1727,8.512118113952329e-06,5.0705303087850964e-06,1.1844526620675806e-11,3
1728,8.512118113952329e-06,5.0661001173534524e-06,1.1875040032883332e-11,3
1729,8.512118113952329e-06,5.061676356309425e-06,1.1905548322885851e-11,3
1730,8.512118113952329e-06,5.0572590126083135e-06,1.1936051410139577e-11,3
1731,8.512118113952329e-06,5.052848073239399e-06,1.1966549214574034e-11,3
1732,8.512118113952329e-06,5.048443525225835e-06,1.1997041656589644e-11,3
1733,8.512118113952329e-06,5.044045355624546e-06,1.2027528657055275e-11,3
1734,8.512118113952329e-06,5.03965355152611e-06,1.205801013730591e-11,3
1735,8.512118113952329e-06,5.03526810005466e-06,1.2088486019140221e-11,3
1736,8.512118113952329e-06,5.030888988367774e-06,1.2118956224818203e-11,3
1737,8.512118113952329e-06,5.02651620365637e-06,1.2149420677058839e-11,3
1738,8.512118113952329e-06,5.022149733144598e-06,1.217987929903773e-11,3
1739,8.512118113952329e-06,5.017789564089741e-06,1.2210332014384774e-11,3
1740,8.512118113952329e-06,5.0134356837820995e-06,1.224077874718186e-11,3
1741,8.512118113952329e-06,5.009088079544899e-06,1.2271219421960516e-11,3
1742,8.512118113952329e-06,5.004746738734177e-06,1.2301653963699666e-11,3
1743,8.512118113952329e-06,5.000411648738682e-06,1.2332082297823327e-11,3
1744,8.512118113952329e-06,4.9960827969797725e-06,1.2362504350198303e-11,3
1745,8.512118113952329e-06,4.99176017091131e-06,1.239292004713199e-11,3
1746,8.512118113952329e-06,4.987443758019561e-06,1.2423329315370071e-11,3
1747,8.512118113952329e-06,4.98313354582309e-06,1.2453732082094311e-11,3
1748,8.512118113952329e-06,4.978829521872662e-06,1.2484128274920312e-11,3
1749,8.512118113952329e-06,4.974531673751137e-06,1.2514517821895336e-11,3
1750,8.512118113952329e-06,4.970239989073372e-06,1.2544900651496074e-11,3
1751,8.512118113952329e-06,4.965954455486121e-06,1.257527669262644e-11,3
1752,8.512118113952329e-06,4.96167506066793e-06,1.260564587461544e-11,3
1753,8.512118113952329e-06,4.957401792329044e-06,1.2636008127214973e-11,3
1754,8.512118113952329e-06,4.9531346382113006e-06,1.266636338059769e-11,3
1755,8.512118113952329e-06,4.9488735860880345e-06,1.2696711565354836e-11,3
1756,8.512118113952329e-06,4.944618623763978e-06,1.2727052612494139e-11,3
1757,8.512118113952329e-06,4.940369739075165e-06,1.2757386453437662e-11,3
1758,8.512118113952329e-06,4.936126919888825e-06,1.2787713020019724e-11,3
1759,8.512118113952329e-06,4.931890154103296e-06,1.2818032244484764e-11,3
1760,8.512118113952329e-06,4.927659429647922e-06,1.2848344059485277e-11,3
1761,8.512118113952329e-06,4.923434734482952e-06,1.2878648398079746e-11,3
1762,8.512118113952329e-06,4.919216056599451e-06,1.2908945193730539e-11,3
1763,8.512118113952329e-06,4.915003384019198e-06,1.2939234380301899e-11,3
1764,8.512118113952329e-06,4.9107967047945935e-06,1.2969515892057854e-11,3
1765,8.512118113952329e-06,4.906596007008562e-06,1.2999789663660217e-11,3
1766,8.512118113952329e-06,4.902401278774456e-06,1.3030055630166555e-11,3
1767,8.512118113952329e-06,4.8982125082359665e-06,1.3060313727028146e-11,3
1768,8.512118113952329e-06,4.89402968356702e-06,1.3090563890088025e-11,3
1769,8.512118113952329e-06,4.889852792971692e-06,1.3120806055578956e-11,3
1770,8.512118113952329e-06,4.885681824684107e-06,1.315104016012147e-11,3
1771,8.512118113952329e-06,4.88151676696835e-06,1.3181266140721881e-11,3
1772,8.512118113952329e-06,4.877357608118372e-06,1.3211483934770323e-11,3
1773,8.512118113952329e-06,4.873204336457893e-06,1.3241693480038823e-11,3
1774,8.512118113952329e-06,4.869056940340319e-06,1.3271894714679313e-11,3
1775,8.512118113952329e-06,4.864915408148637e-06,1.330208757722177e-11,3
1776,8.512118113952329e-06,4.860779728295336e-06,1.3332272006572212e-11,3
1777,8.512118113952329e-06,4.856649889222305e-06,1.336244794201087e-11,3
1778,8.512118113952329e-06,4.852525879400752e-06,1.3392615323190203e-11,3
1779,8.512118113952329e-06,4.8484076873311014e-06,1.3422774090133095e-11,3
1780,8.512118113952329e-06,4.844295301542915e-06,1.34529241832309e-11,3
1781,8.512118113952329e-06,4.840188710594797e-06,1.3483065543241596e-11,3
1782,8.512118113952329e-06,4.836087903074299e-06,1.351319811128797e-11,3
1783,8.512118113952329e-06,4.831992867597841e-06,1.3543321828855678e-11,3
1784,8.512118113952329e-06,4.827903592810614e-06,1.3573436637791471e-11,3
1785,8.512118113952329e-06,4.823820067386495e-06,1.3603542480301346e-11,3
1786,8.512118113952329e-06,4.819742280027956e-06,1.3633639298948705e-11,3
1787,8.512118113952329e-06,4.815670219465982e-06,1.3663727036652548e-11,3
1788,8.512118113952329e-06,4.811603874459972e-06,1.3693805636685694e-11,3
1789,8.512118113952329e-06,4.807543233797664e-06,1.3723875042672945e-11,3
1790,8.512118113952329e-06,4.803488286295039e-06,1.3753935198589335e-11,3
1791,8.512118113952329e-06,4.799439020796237e-06,1.3783986048758339e-11,3
1792,8.512118113952329e-06,4.79539542617347e-06,1.3814027537850105e-11,3
1793,8.512118113952329e-06,4.791357491326939e-06,1.3844059610879676e-11,3
1794,8.512118113952329e-06,4.787325205184741e-06,1.3874082213205306e-11,3
1795,8.512118113952329e-06,4.783298556702791e-06,1.390409529052664e-11,3
1796,8.512118113952329e-06,4.779277534864733e-06,1.3934098788883019e-11,3
1797,8.512118113952329e-06,4.775262128681852e-06,1.3964092654651786e-11,3
1798,7.940952711071023e-06,4.7712523271929955e-06,1.0047000523556513e-11,3
1799,7.940952711071023e-06,4.767248119464486e-06,1.0072400834784414e-11,3
1800,7.940952711071023e-06,4.763249494590037e-06,1.0097797732033603e-11,3
1801,7.940952711071023e-06,4.759256441690668e-06,1.0123191150588865e-11,3
1802,7.940952711071023e-06,4.755268949914624e-06,1.0148581026095577e-11,3
1803,7.940952711071023e-06,4.7512870084372876e-06,1.017396729455796e-11,3
1804,7.940952711071023e-06,4.7473106064611036e-06,1.0199349892337274e-11,3
1805,7.940952711071023e-06,4.743339733215488e-06,1.0224728756150143e-11,3
1806,7.940952711071023e-06,4.739374377956752e-06,1.0250103823066752e-11,3
1807,7.940952711071023e-06,4.735414529968016e-06,1.0275475030509176e-11,3
1808,7.567667737598443e-06,4.73146017855913e-06,8.044073317951735e-12,2
1809,7.567667737598443e-06,4.727511313066594e-06,8.066488515809538e-12,2
1810,7.567667737598443e-06,4.723567922853471e-06,8.088903756232386e-12,2
1811,7.567667737598443e-06,4.719629997309313e-06,8.111318970111215e-12,2
1812,7.567667737598443e-06,4.715697525850073e-06,8.133734088700043e-12,2
1813,7.567667737598443e-06,4.711770497918035e-06,8.156149043614173e-12,2
1814,7.567667737598443e-06,4.707848902981724e-06,8.17856376682853e-12,2
1815,7.567667737598443e-06,4.703932730535831e-06,8.200978190675896e-12,2
1816,7.567667737598443e-06,4.700021970101134e-06,8.22339224784523e-12,2
1817,7.567667737598443e-06,4.696116611224416e-06,8.245805871379941e-12,2
1818,7.567667737598443e-06,4.692216643478393e-06,8.26821899467619e-12,2
1819,7.567667737598443e-06,4.688322056461624e-06,8.290631551481253e-12,2
1820,7.567667737598443e-06,4.684432839798444e-06,8.313043475891768e-12,2
1821,7.567667737598443e-06,4.6805489831388785e-06,8.335454702352147e-12,2
1822,7.567667737598443e-06,4.6766704761585736e-06,8.357865165652824e-12,2
1823,7.567667737598443e-06,4.6727973085587075e-06,8.380274800928702e-12,2
1824,7.567667737598443e-06,4.668929470065922e-06,8.402683543657442e-12,2
1825,7.567667737598443e-06,4.665066950432246e-06,8.425091329657825e-12,2
1826,7.567667737598443e-06,4.6612097394350135e-06,8.44749809508817e-12,2
1827,7.567667737598443e-06,4.657357826876787e-06,8.469903776444691e-12,2
1828,7.567667737598443e-06,4.653511202585292e-06,8.492308310559852e-12,2
1829,7.567667737598443e-06,4.649669856413326e-06,8.51471163460083e-12,2
1830,7.567667737598443e-06,4.6458337782386956e-06,8.537113686067858e-12,2
1831,7.567667737598443e-06,4.642002957964133e-06,8.559514402792676e-12,2
1832,7.567667737598443e-06,4.638177385517227e-06,8.581913722936929e-12,2
1833,7.567667737598443e-06,4.634357050850341e-06,8.60431158499062e-12,2
1834,7.567667737598443e-06,4.630541943940552e-06,8.626707927770493e-12,2
1835,7.567667737598443e-06,4.626732054789559e-06,8.649102690418556e-12,2
1836,7.567667737598443e-06,4.6229273734236184e-06,8.671495812400478e-12,2
1837,7.567667737598443e-06,4.619127889893476e-06,8.69388723350403e-12,2
1838,7.567667737598443e-06,4.615333594274281e-06,8.71627689383761e-12,2
1839,7.567667737598443e-06,4.611544476665521e-06,8.73866473382869e-12,2
1840,7.567667737598443e-06,4.60776052719095e-06,8.761050694222268e-12,2
1841,7.567667737598443e-06,4.603981735998507e-06,8.783434716079417e-12,2
1842,7.567667737598443e-06,4.600208093260256e-06,8.805816740775718e-12,2
1843,7.567667737598443e-06,4.5964395891723035e-06,8.828196709999825e-12,2
1844,7.567667737598443e-06,4.592676213954733e-06,8.85057456575192e-12,2
1845,7.567667737598443e-06,4.58891795785153e-06,8.872950250342283e-12,2
1846,7.567667737598443e-06,4.585164811130512e-06,8.895323706389773e-12,2
1847,7.567667737598443e-06,4.581416764083257e-06,8.917694876820398e-12,2
1848,7.567667737598443e-06,4.577673807025033e-06,8.94006370486583e-12,2
1849,7.567667737598443e-06,4.5739359302947286e-06,8.962430134061964e-12,2
1850,7.567667737598443e-06,4.5702031242547805e-06,8.984794108247471e-12,2
1851,7.567667737598443e-06,4.566475379291103e-06,9.007155571562372e-12,2
1852,7.567667737598443e-06,4.56275268581302e-06,9.029514468446589e-12,2
1853,7.567667737598443e-06,4.559035034253197e-06,9.05187074363852e-12,2
1854,7.567667737598443e-06,4.555322415067568e-06,9.074224342173642e-12,2
1855,7.567667737598443e-06,4.551614818735268e-06,9.096575209383078e-12,2
1856,7.567667737598443e-06,4.547912235758563e-06,9.118923290892228e-12,2
1857,7.567667737598443e-06,4.544214656662783e-06,9.141268532619333e-12,2
1858,7.567667737598443e-06,4.540522071996256e-06,9.163610880774108e-12,2
1859,7.567667737598443e-06,4.536834472330233e-06,9.185950281856361e-12,2
1860,7.567667737598443e-06,4.533151848258826e-06,9.208286682654605e-12,2
1861,7.567667737598443e-06,4.5294741903989375e-06,9.230620030244713e-12,2
1862,7.567667737598443e-06,4.525801489390196e-06,9.252950271988518e-12,2
1863,7.567667737598443e-06,4.522133735894883e-06,9.275277355532499e-12,2
1864,7.567667737598443e-06,4.518470920597874e-06,9.297601228806398e-12,2
1865,7.567667737598443e-06,4.514813034206564e-06,9.319921840021916e-12,2
1866,7.567667737598443e-06,4.511160067450809e-06,9.342239137671318e-12,2
1867,7.567667737598443e-06,4.5075120110828475e-06,9.364553070526192e-12,2
1868,7.567667737598443e-06,4.503868855877252e-06,9.38686358763602e-12,2
1869,7.567667737598443e-06,4.500230592630845e-06,9.409170638326967e-12,2
1870,7.567667737598443e-06,4.496597212162647e-06,9.431474172200495e-12,2
1871,7.567667737598443e-06,4.492968705313806e-06,9.453774139132084e-12,2
1872,7.567667737598443e-06,4.489345062947526e-06,9.476070489269972e-12,2
1873,7.567667737598443e-06,4.485726275949019e-06,9.498363173033787e-12,2
1874,7.567667737598443e-06,4.4821123352254185e-06,9.520652141113356e-12,2
1875,7.567667737598443e-06,4.478503231705736e-06,9.542937344467332e-12,2
1876,7.567667737598443e-06,4.474898956340783e-06,9.565218734321993e-12,2
1877,7.567667737598443e-06,4.47129950010311e-06,9.587496262169953e-12,2
1878,7.567667737598443e-06,4.467704853986945e-06,9.609769879768913e-12,2
1879,7.567667737598443e-06,4.4641150090081305e-06,9.632039539140373e-12,2
1880,7.567667737598443e-06,4.460529956204056e-06,9.654305192568434e-12,2
1881,7.567667737598443e-06,4.456949686633599e-06,9.676566792598518e-12,2
1882,7.567667737598443e-06,4.45337419137706e-06,9.698824292036158e-12,2
1883,7.567667737598443e-06,4.449803461536099e-06,9.721077643945765e-12,2
1884,7.567667737598443e-06,4.446237488233676e-06,9.743326801649388e-12,2
1885,7.567667737598443e-06,4.442676262613989e-06,9.765571718725513e-12,2
1886,7.567667737598443e-06,4.4391197758424054e-06,9.787812349007856e-12,2
1887,7.567667737598443e-06,4.435568019105409e-06,9.810048646584145e-12,2
1888,7.567667737598443e-06,4.432020983610528e-06,9.832280565794946e-12,2
1889,7.567667737598443e-06,4.42847866058629e-06,9.854508061232411e-12,2
1890,7.567667737598443e-06,4.424941041282142e-06,9.87673108773917e-12,2
1891,7.567667737598443e-06,4.421408116968401e-06,9.898949600407096e-12,2
1892,7.567667737598443e-06,4.4178798789361905e-06,9.921163554576137e-12,2
1893,7.567667737598443e-06,4.414356318497381e-06,9.943372905833154e-12,2
1894,7.567667737598443e-06,4.4108374269845235e-06,9.965577610010774e-12,2
1895,7.567667737598443e-06,4.407323195750801e-06,9.98777762318618e-12,2
1896,7.567667737598443e-06,4.403813616169958e-06,1.0009972901680007e-11,2
1897,7.567667737598443e-06,4.400308679636246e-06,1.0032163402055175e-11,2
1898,7.567667737598443e-06,4.39680837756436e-06,1.0054349081115756e-11,2
1899,7.567667737598443e-06,4.393312701389384e-06,1.0076529895905817e-11,2
1900,7.567667737598443e-06,4.38982164256673e-06,1.0098705803708309e-11,2
1901,7.567667737598443e-06,4.386335192572078e-06,1.0120876762043928e-11,2
1902,7.567667737598443e-06,4.382853342901319e-06,1.014304272867001e-11,2
1903,7.567667737598443e-06,4.379376085070494e-06,1.01652036615794e-11,2
1904,7.567667737598443e-06,4.375903410615737e-06,1.0187359518999365e-11,2
1905,7.567667737598443e-06,4.372435311093219e-06,1.020951025939046e-11,2
1906,7.567667737598443e-06,4.368971778079088e-06,1.0231655841445444e-11,2
1907,7.567667737598443e-06,4.36551280316941e-06,1.0253796224088205e-11,2
1908,7.567667737598443e-06,4.362058377980113e-06,1.0275931366472639e-11,2
1909,7.567667737598443e-06,4.358608494146932e-06,1.0298061227981583e-11,2
1910,7.567667737598443e-06,4.355163143325348e-06,1.0320185768225742e-11,2
1911,7.567667737598443e-06,4.351722317190532e-06,1.0342304947042614e-11,2
1912,7.567667737598443e-06,4.3482860074372885e-06,1.0364418724495429e-11,2
1913,7.567667737598443e-06,4.3448542057800025e-06,1.038652706087205e-11,2
1914,7.567667737598443e-06,4.341426903952575e-06,1.0408629916683983e-11,2
1915,7.567667737598443e-06,4.338004093708377e-06,1.0430727252665258e-11,2
1916,7.567667737598443e-06,4.3345857668201865e-06,1.0452819029771415e-11,2
1917,7.567667737598443e-06,4.331171915080131e-06,1.0474905209178485e-11,2
1918,7.567667737598443e-06,4.327762530299641e-06,1.0496985752281893e-11,2
1919,7.567667737598443e-06,4.324357604309386e-06,1.051906062069548e-11,2
1920,7.567667737598443e-06,4.320957128959223e-06,1.0541129776250457e-11,2
1921,7.567667737598443e-06,4.31756109611814e-06,1.0563193180994372e-11,2
1922,7.567667737598443e-06,4.314169497674203e-06,1.0585250797190125e-11,2
1923,7.567667737598443e-06,4.310782325534502e-06,1.0607302587314907e-11,2
1924,7.567667737598443e-06,4.307399571625091e-06,1.0629348514059246e-11,2
1925,7.567667737598443e-06,4.3040212278909396e-06,1.065138854032597e-11,2
1926,7.567667737598443e-06,4.3006472862958785e-06,1.067342262922921e-11,2
1927,7.567667737598443e-06,4.297277738822542e-06,1.069545074409344e-11,2
1928,7.567667737598443e-06,4.293912577472315e-06,1.0717472848452451e-11,2
1929,7.567667737598443e-06,4.290551794265283e-06,1.0739488906048384e-11,2
1930,7.567667737598443e-06,4.2871953812401765e-06,1.0761498880830758e-11,2
1931,7.567667737598443e-06,4.283843330454317e-06,1.078350273695547e-11,2
1932,7.567667737598443e-06,4.280495633983564e-06,1.0805500438783867e-11,2
1933,7.567667737598443e-06,4.277152283922262e-06,1.0827491950881761e-11,2
1934,7.567667737598443e-06,4.273813272383193e-06,1.084947723801844e-11,2
1935,7.567667737598443e-06,4.270478591497515e-06,1.0871456265165766e-11,2
1936,7.567667737598443e-06,4.267148233414716e-06,1.0893428997497195e-11,2
1937,7.567667737598443e-06,4.263822190302562e-06,1.091539540038682e-11,2
1938,7.567667737598443e-06,4.260500454347041e-06,1.0937355439408461e-11,2
1939,7.567667737598443e-06,4.2571830177523145e-06,1.0959309080334699e-11,2
1940,7.567667737598443e-06,4.253869872740665e-06,1.0981256289135967e-11,2
1941,7.567667737598443e-06,4.250561011552444e-06,1.1003197031979607e-11,2
1942,7.567667737598443e-06,4.247256426446021e-06,1.1025131275228943e-11,2
1943,7.567667737598443e-06,4.243956109697734e-06,1.1047058985442378e-11,2
1944,7.567667737598443e-06,4.240660053601836e-06,1.1068980129372466e-11,2
1945,7.567667737598443e-06,4.2373682504704464e-06,1.1090894673964996e-11,2
1946,7.567667737598443e-06,4.2340806926335e-06,1.1112802586358102e-11,2
1947,7.567667737598443e-06,4.230797372438692e-06,1.1134703833881367e-11,2
1948,7.567667737598443e-06,4.227518282251438e-06,1.1156598384054893e-11,2
1949,7.567667737598443e-06,4.224243414454814e-06,1.1178486204588434e-11,2
1950,7.567667737598443e-06,4.220972761449509e-06,1.1200367263380513e-11,2
1951,7.567667737598443e-06,4.217706315653781e-06,1.12222415285175e-11,2
1952,7.567667737598443e-06,4.2144440695034e-06,1.1244108968272777e-11,2
1953,7.567667737598443e-06,4.211186015451601e-06,1.126596955110583e-11,2
1954,7.567667737598443e-06,4.207932145969037e-06,1.1287823245661393e-11,2
1955,7.567667737598443e-06,4.204682453543729e-06,1.1309670020768567e-11,2
1956,7.567667737598443e-06,4.201436930681012e-06,1.1331509845439978e-11,2
1957,7.567667737598443e-06,4.198195569903495e-06,1.1353342688870893e-11,2
1958,7.567667737598443e-06,4.194958363751007e-06,1.1375168520438365e-11,2
1959,7.567667737598443e-06,4.191725304780548e-06,1.1396987309700407e-11,2
1960,7.567667737598443e-06,4.188496385566243e-06,1.1418799026395126e-11,2
1961,7.567667737598443e-06,4.185271598699294e-06,1.1440603640439867e-11,2
1962,7.567667737598443e-06,4.182050936787931e-06,1.1462401121930403e-11,2
1963,7.567667737598443e-06,4.178834392457363e-06,1.1484191441140081e-11,2
1964,7.567667737598443e-06,4.175621958349734e-06,1.1505974568518983e-11,2
1965,7.567667737598443e-06,4.1724136271240705e-06,1.1527750474693122e-11,2
1966,7.567667737598443e-06,4.169209391456239e-06,1.1549519130463605e-11,2
1967,7.567667737598443e-06,4.166009244038897e-06,1.1571280506805799e-11,2
1968,7.567667737598443e-06,4.162813177581445e-06,1.1593034574868545e-11,2
1969,7.567667737598443e-06,4.15962118480998e-06,1.1614781305973325e-11,2
1970,7.567667737598443e-06,4.15643325846725e-06,1.1636520671613458e-11,2
1971,7.567667737598443e-06,4.153249391312609e-06,1.165825264345329e-11,2
1972,7.567667737598443e-06,4.1500695761219635e-06,1.1679977193327412e-11,2
1973,7.567667737598443e-06,4.146893805687734e-06,1.1701694293239848e-11,2
1974,7.567667737598443e-06,4.143722072818807e-06,1.1723403915363266e-11,2
1975,7.567667737598443e-06,4.140554370340485e-06,1.1745106032038177e-11,2
1976,7.567667737598443e-06,4.1373906910944465e-06,1.176680061577218e-11,2
1977,7.567667737598443e-06,4.134231027938698e-06,1.1788487639239135e-11,2
1978,7.567667737598443e-06,4.131075373747526e-06,1.1810167075278435e-11,2
1979,7.567667737598443e-06,4.127923721411455e-06,1.1831838896894192e-11,2
1980,7.567667737598443e-06,4.1247760638372e-06,1.1853503077254495e-11,2
1981,7.567667737598443e-06,4.121632393947626e-06,1.1875159589690602e-11,2
1982,7.567667737598443e-06,4.1184927046816975e-06,1.1896808407696232e-11,2
1983,7.567667737598443e-06,4.115356988994435e-06,1.1918449504926765e-11,2
1984,7.567667737598443e-06,4.112225239856874e-06,1.1940082855198495e-11,2
1985,7.567667737598443e-06,4.109097450256015e-06,1.1961708432487884e-11,2
1986,7.567667737598443e-06,4.1059736131947854e-06,1.1983326210930805e-11,2
1987,7.567667737598443e-06,4.102853721691991e-06,1.2004936164821797e-11,2
1988,7.567667737598443e-06,4.099737768782272e-06,1.2026538268613329e-11,2
1989,6.710919633276483e-06,4.096625747516063e-06,6.834532521124319e-12,2
1990,6.710919633276483e-06,4.093517650959544e-06,6.850793137036646e-12,2
1991,6.710919633276483e-06,4.090413472194599e-06,6.867052540268117e-12,2
1992,6.710919633276483e-06,4.087313204318776e-06,6.883310694068216e-12,2
1993,6.710919633276483e-06,4.0842168404452385e-06,6.899567561867462e-12,2
1994,6.710919633276483e-06,4.081124373702726e-06,6.915823107276608e-12,2
1995,6.710919633276483e-06,4.078035797235507e-06,6.932077294085845e-12,2
1996,6.710919633276483e-06,4.074951104203342e-06,6.948330086264022e-12,2
1997,6.710919633276483e-06,4.071870287781435e-06,6.964581447957845e-12,2
1998,6.710919633276483e-06,4.068793341160394e-06,6.980831343491113e-12,2
1999,6.710919633276483e-06,4.065720257546189e-06,6.99707973736394e-12,2
2000,6.710919633276483e-06,4.062651030160106e-06,7.013326594251969e-12,2
2001,6.710919633276483e-06,4.05958565223871e-06,7.029571879005607e-12,2
2002,6.710919633276483e-06,4.056524117033799e-06,7.045815556649265e-12,2
2003,6.710919633276483e-06,4.053466417812365e-06,7.062057592380584e-12,2
2004,6.710919633276483e-06,4.050412547856548e-06,7.0782979515696805e-12,2
2005,6.710919633276483e-06,4.047362500463599e-06,7.094536599758392e-12,2
2006,6.710919633276483e-06,4.044316268945837e-06,7.11077350265952e-12,2
2007,6.710919633276483e-06,4.0412738466306075e-06,7.127008626156077e-12,2
2008,6.710919633276483e-06,4.038235226860237e-06,7.143241936300565e-12,2
2009,6.710919633276483e-06,4.0352004029919996e-06,7.1594733993141905e-12,2
2010,6.710919633276483e-06,4.032169368398073e-06,7.1757029815861525e-12,2
2011,6.710919633276483e-06,4.0291421164654946e-06,7.1919306496729135e-12,2
2012,6.710919633276483e-06,4.026118640596123e-06,7.2081563702974465e-12,2
2013,6.710919633276483e-06,4.0230989342066026e-06,7.2243801103485024e-12,2
2014,6.710919633276483e-06,4.02008299072831e-06,7.240601836879928e-12,2
2015,6.710919633276483e-06,4.017070803607329e-06,7.2568215171098746e-12,2
2016,6.710919633276483e-06,4.0140623663043985e-06,7.273039118420143e-12,2
2017,6.710919633276483e-06,4.011057672294881e-06,7.289254608355422e-12,2
2018,6.710919633276483e-06,4.008056715068718e-06,7.305467954622598e-12,2
2019,6.710919633276483e-06,4.00505948813039e-06,7.321679125090036e-12,2
2020,6.710919633276483e-06,4.0020659849988785e-06,7.33788808778689e-12,2
2021,6.710919633276483e-06,3.999076199207626e-06,7.354094810902376e-12,2
2022,6.710919633276483e-06,3.9960901243044956e-06,7.370299262785084e-12,2
2023,6.710919633276483e-06,3.993107753851737e-06,7.386501411942273e-12,2
2024,6.710919633276483e-06,3.990129081425937e-06,7.402701227039198e-12,2
2025,6.710919633276483e-06,3.987154100617992e-06,7.418898676898393e-12,2
2026,6.710919633276483e-06,3.98418280503306e-06,7.435093730499006e-12,2
2027,6.710919633276483e-06,3.981215188290526e-06,7.451286356976092e-12,2
2028,6.710919633276483e-06,3.978251244023965e-06,7.467476525619952e-12,2
2029,6.710919633276483e-06,3.9752909658811e-06,7.483664205875443e-12,2
2030,6.710919633276483e-06,3.972334347523764e-06,7.499849367341304e-12,2
2031,6.710919633276483e-06,3.969381382627863e-06,7.516031979769496e-12,2
2032,6.710919633276483e-06,3.966432064883339e-06,7.532212013064516e-12,2
2033,6.710919633276483e-06,3.963486387994129e-06,7.548389437282731e-12,2
2034,6.710919633276483e-06,3.9605443456781285e-06,7.564564222631733e-12,2
2035,6.710919633276483e-06,3.957605931667155e-06,7.580736339469663e-12,2
2036,6.710919633276483e-06,3.9546711397069075e-06,7.596905758304556e-12,2
2037,6.710919633276483e-06,3.951739963556932e-06,7.613072449793694e-12,2
2038,6.710919633276483e-06,3.948812396990582e-06,7.62923638474294e-12,2
2039,6.710919633276483e-06,3.9458884337949816e-06,7.645397534106112e-12,2
2040,6.710919633276483e-06,3.9429680677709885e-06,7.66155586898432e-12,2
2041,6.710919633276483e-06,3.940051292733157e-06,7.677711360625329e-12,2
2042,6.710919633276483e-06,3.9371381025097016e-06,7.693863980422912e-12,2
2043,6.710919633276483e-06,3.934228490942458e-06,7.710013699916233e-12,2
2044,6.710919633276483e-06,3.9313224518868505e-06,7.726160490789193e-12,2
2045,6.710919633276483e-06,3.92841997921185e-06,7.742304324869805e-12,2
2046,6.710919633276483e-06,3.925521066799942e-06,7.758445174129571e-12,2
2047,6.710919633276483e-06,3.9226257085470884e-06,7.774583010682852e-12,2
2048,6.710919633276483e-06,3.919733898362691e-06,7.790717806786248e-12,2
2049,6.710919633276483e-06,3.9168456301695566e-06,7.806849534837967e-12,2
2050,6.710919633276483e-06,3.913960897903859e-06,7.822978167377231e-12,2
2051,6.710919633276483e-06,3.9110796955151056e-06,7.839103677083637e-12,2
2052,6.710919633276483e-06,3.908202016966098e-06,7.85522603677657e-12,2
2053,6.710919633276483e-06,3.905327856232901e-06,7.871345219414566e-12,2
2054,6.710919633276483e-06,3.902457207304805e-06,7.887461198094728e-12,2
2055,6.710919633276483e-06,3.899590064184287e-06,7.903573946052116e-12,2
2056,6.710919633276483e-06,3.89672642088698e-06,7.919683436659154e-12,2
2057,6.710919633276483e-06,3.893866271441637e-06,7.935789643425008e-12,2
2058,6.710919633276483e-06,3.891009609890097e-06,7.951892539995009e-12,2
2059,6.710919633276483e-06,3.888156430287242e-06,7.967992100150083e-12,2
2060,6.710919633276483e-06,3.885306726700972e-06,7.984088297806108e-12,2
2061,6.710919633276483e-06,3.8824604932121685e-06,8.000181107013363e-12,2
2062,6.710919633276483e-06,3.8796177239146525e-06,8.016270501955949e-12,2
2063,6.710919633276483e-06,3.87677841291516e-06,8.032356456951172e-12,2
2064,6.710919633276483e-06,3.873942554333299e-06,8.048438946449002e-12,2
2065,6.710919633276483e-06,3.8711101423015215e-06,8.064517945031471e-12,2
2066,6.710919633276483e-06,3.868281170965084e-06,8.080593427412117e-12,2
2067,6.710919633276483e-06,3.865455634482019e-06,8.096665368435385e-12,2
2068,6.710919633276483e-06,3.862633527023095e-06,8.11273374307609e-12,2
2069,6.710919633276483e-06,3.859814842771785e-06,8.12879852643884e-12,2
2070,6.710919633276483e-06,3.856999575924238e-06,8.144859693757445e-12,2
2071,6.710919633276483e-06,3.854187720689235e-06,8.1609172203944e-12,2
2072,6.710919633276483e-06,3.851379271288165e-06,8.176971081840284e-12,2
2073,6.710919633276483e-06,3.848574221954984e-06,8.193021253713242e-12,2
2074,6.710919633276483e-06,3.845772566936186e-06,8.209067711758413e-12,2
2075,6.710919633276483e-06,3.842974300490771e-06,8.225110431847352e-12,2
2076,6.710919633276483e-06,3.840179416890205e-06,8.241149389977534e-12,2
2077,6.710919633276483e-06,3.8373879104183964e-06,8.257184562271765e-12,2
2078,6.710919633276483e-06,3.834599775371654e-06,8.27321592497766e-12,2
2079,6.710919633276483e-06,3.83181500605866e-06,8.28924345446708e-12,2
2080,6.710919633276483e-06,3.829033596800436e-06,8.30526712723562e-12,2
2081,6.710919633276483e-06,3.826255541930309e-06,8.321286919902051e-12,2
2082,6.710919633276483e-06,3.823480835793878e-06,8.337302809207793e-12,2
2083,6.710919633276483e-06,3.820709472748986e-06,8.353314772016384e-12,2
2084,6.710919633276483e-06,3.817941447165683e-06,8.369322785312939e-12,2
2085,6.710919633276483e-06,3.815176753426194e-06,8.385326826203647e-12,2
2086,6.710919633276483e-06,3.8124153859248934e-06,8.401326871915207e-12,2
2087,6.710919633276483e-06,3.809657339068261e-06,8.417322899794356e-12,2
2088,6.710919633276483e-06,3.8069026072748645e-06,8.433314887307288e-12,2
2089,6.710919633276483e-06,3.804151184975312e-06,8.449302812039199e-12,2
2090,6.710919633276483e-06,3.8014030666122355e-06,8.465286651693713e-12,2
2091,6.710919633276483e-06,3.7986582466402477e-06,8.481266384092409e-12,2
2092,6.710919633276483e-06,3.795916719525915e-06,8.497241987174305e-12,2
2093,6.710919633276483e-06,3.7931784797477276e-06,8.513213438995314e-12,2
2094,6.710919633276483e-06,3.7904435217960652e-06,8.529180717727783e-12,2
2095,6.710919633276483e-06,3.7877118401731673e-06,8.54514380165996e-12,2
2096,6.710919633276483e-06,3.7849834293931013e-06,8.561102669195496e-12,2
2097,6.710919633276483e-06,3.782258283981732e-06,8.577057298852953e-12,2
2098,6.710919633276483e-06,3.7795363984766903e-06,8.593007669265299e-12,2
2099,6.710919633276483e-06,3.776817767427341e-06,8.608953759179419e-12,2
2100,6.710919633276483e-06,3.774102385394756e-06,8.624895547455604e-12,2
2101,6.710919633276483e-06,3.7713902469516784e-06,8.640833013067085e-12,2
2102,6.710919633276483e-06,3.7686813466824963e-06,8.65676613509952e-12,2
2103,6.710919633276483e-06,3.7659756791832094e-06,8.672694892750527e-12,2
2104,6.710919633276483e-06,3.7632732390614e-06,8.688619265329181e-12,2
2105,6.710919633276483e-06,3.7605740209362025e-06,8.704539232255547e-12,2
2106,6.710919633276483e-06,3.7578780194382735e-06,8.720454773060179e-12,2
2107,6.710919633276483e-06,3.75518522920976e-06,8.736365867383669e-12,2
2108,6.710919633276483e-06,3.752495644904271e-06,8.752272494976146e-12,2
2109,6.710919633276483e-06,3.749809261186848e-06,8.76817463569682e-12,2
2110,6.710919633276483e-06,3.7471260727339327e-06,8.78407226951349e-12,2
2111,6.710919633276483e-06,3.7444460742333404e-06,8.799965376502092e-12,2
2112,6.710919633276483e-06,3.7417692603842275e-06,8.815853936846222e-12,2
2113,6.710919633276483e-06,3.7390956258970647e-06,8.831737930836666e-12,2
2114,6.710919633276483e-06,3.7364251654936047e-06,8.84761733887095e-12,2
2115,6.710919633276483e-06,3.733757873906854e-06,8.863492141452867e-12,2
2116,6.710919633276483e-06,3.7310937458810445e-06,8.879362319192015e-12,2
2117,6.710919633276483e-06,3.728432776171603e-06,8.895227852803347e-12,2
2118,6.710919633276483e-06,3.7257749595451227e-06,8.911088723106712e-12,2
2119,6.710919633276483e-06,3.723120290779335e-06,8.926944911026391e-12,2
2120,6.710919633276483e-06,3.720468764663078e-06,8.94279639759067e-12,2
2121,6.710919633276483e-06,3.71782037599627e-06,8.958643163931364e-12,2
2122,6.710919633276483e-06,3.71517511958988e-06,8.974485191283382e-12,2
2123,6.710919633276483e-06,3.7125329902658985e-06,8.990322460984285e-12,2
2124,6.710919633276483e-06,3.7098939828573107e-06,9.00615495447382e-12,2
2125,6.710919633276483e-06,3.7072580922080657e-06,9.021982653293501e-12,2
2126,6.710919633276483e-06,3.7046253131730487e-06,9.037805539086173e-12,2
2127,6.710919633276483e-06,3.7019956406180547e-06,9.05362359359554e-12,2
2128,6.710919633276483e-06,3.699369069419756e-06,9.069436798665773e-12,2
2129,6.710919633276483e-06,3.6967455944656794e-06,9.085245136241034e-12,2
2130,6.710919633276483e-06,3.6941252106541742e-06,9.101048588365072e-12,2
2131,6.710919633276483e-06,3.6915079128943855e-06,9.11684713718078e-12,2
2132,6.710919633276483e-06,3.688893696106226e-06,9.132640764929773e-12,2
2133,6.710919633276483e-06,3.686282555220349e-06,9.148429453951951e-12,2
2134,6.710919633276483e-06,3.6836744851781197e-06,9.164213186685083e-12,2
2135,6.710919633276483e-06,3.6810694809315868e-06,9.179991945664394e-12,2
2136,6.710919633276483e-06,3.6784675374434585e-06,9.195765713522105e-12,2
2137,6.710919633276483e-06,3.675868649687071e-06,9.211534472987059e-12,2
2138,6.710919633276483e-06,3.6732728126463633e-06,9.227298206884276e-12,2
2139,6.710919633276483e-06,3.670680021315849e-06,9.243056898134548e-12,2
2140,6.710919633276483e-06,3.6680902707005896e-06,9.25881052975402e-12,2
2141,6.710919633276483e-06,3.665503555816166e-06,9.274559084853786e-12,2
2142,6.710919633276483e-06,3.6629198716886555e-06,9.290302546639456e-12,2
2143,6.710919633276483e-06,3.6603392133545987e-06,9.306040898410783e-12,2
2144,6.710919633276483e-06,3.6577615758609777e-06,9.321774123561225e-12,2
2145,6.710919633276483e-06,3.655186954265186e-06,9.337502205577559e-12,2
2146,6.710919633276483e-06,3.652615343635005e-06,9.353225128039466e-12,2
2147,6.710919633276483e-06,3.650046739048574e-06,9.368942874619139e-12,2
2148,6.710919633276483e-06,3.647481135594366e-06,9.384655429080867e-12,2
2149,6.710919633276483e-06,3.64491852837116e-06,9.400362775280664e-12,2
2150,6.710919633276483e-06,3.6423589124880156e-06,9.416064897165841e-12,2
2151,6.710919633276483e-06,3.6398022830642434e-06,9.43176177877465e-12,2
2152,6.710919633276483e-06,3.6372486352293854e-06,9.447453404235844e-12,2
2153,6.710919633276483e-06,3.6346979641231814e-06,9.463139757768328e-12,2
2154,6.710919633276483e-06,3.6321502648955486e-06,9.47882082368074e-12,2
2155,6.710919633276483e-06,3.6296055327065522e-06,9.494496586371083e-12,2
2156,6.710919633276483e-06,3.6270637627263803e-06,9.510167030326334e-12,2
2157,6.710919633276483e-06,3.624524950135319e-06,9.52583214012205e-12,2
2158,6.710919633276483e-06,3.6219890901237255e-06,9.541491900421992e-12,2
2159,6.710919633276483e-06,3.6194561778920023e-06,9.557146295977755e-12,2
2160,6.710919633276483e-06,3.616926208650575e-06,9.572795311628357e-12,2
2161,6.710919633276483e-06,3.614399177619859e-06,9.588438932299908e-12,2
2162,6.710919633276483e-06,3.611875080030243e-06,9.60407714300519e-12,2
2163,6.710919633276483e-06,3.609353911122057e-06,9.619709928843308e-12,2
2164,6.710919633276483e-06,3.6068356661455502e-06,9.635337274999313e-12,2
2165,6.710919633276483e-06,3.6043203403608666e-06,9.65095916674381e-12,2
2166,6.710919633276483e-06,3.6018079290380168e-06,9.666575589432622e-12,2
2167,6.710919633276483e-06,3.599298427456854e-06,9.682186528506404e-12,2
2168,6.710919633276483e-06,3.5967918309070493e-06,9.697791969490281e-12,2
2169,6.710919633276483e-06,3.594288134688069e-06,9.713391897993466e-12,2
2170,6.710919633276483e-06,3.5917873341091445e-06,9.728986299708929e-12,2
2171,6.710919633276483e-06,3.589289424489252e-06,9.744575160413013e-12,2
2172,6.710919633276483e-06,3.5867944011570882e-06,9.760158465965064e-12,2
2173,6.710919633276483e-06,3.5843022594510404e-06,9.77573620230711e-12,2
2174,6.710919633276483e-06,3.5818129947191666e-06,9.79130835546347e-12,2
2175,6.710919633276483e-06,3.5793266023191725e-06,9.806874911540398e-12,2
2176,6.710919633276483e-06,3.5768430776183795e-06,9.822435856725764e-12,2
2177,6.710919633276483e-06,3.57436241599371e-06,9.837991177288655e-12,2
2178,6.710919633276483e-06,3.5718846128316544e-06,9.853540859579069e-12,2
2179,6.710919633276483e-06,3.5694096635282526e-06,9.869084890027529e-12,2
2180,6.710919633276483e-06,3.5669375634890684e-06,9.884623255144757e-12,2
2181,6.710919633276483e-06,3.5644683081291646e-06,9.900155941521319e-12,2
2182,6.710919633276483e-06,3.5620018928730792e-06,9.91568293582728e-12,2
2183,6.710919633276483e-06,3.5595383131548037e-06,9.931204224811861e-12,2
2184,6.710919633276483e-06,3.5570775644177547e-06,9.946719795303105e-12,2
2185,6.710919633276483e-06,3.5546196421147536e-06,9.962229634207535e-12,2
2186,6.710919633276483e-06,3.5521645417080036e-06,9.977733728509795e-12,2
2187,6.710919633276483e-06,3.5497122586690636e-06,9.993232065272336e-12,2
2188,6.710919633276483e-06,3.5472627884788248e-06,1.0008724631635077e-11,2
2189,6.710919633276483e-06,3.54481612662749e-06,1.0024211414815053e-11,2
2190,6.710919633276483e-06,3.5423722686145465e-06,1.0039692402106105e-11,2
2191,6.710919633276483e-06,3.5399312099487453e-06,1.0055167580878534e-11,2
2192,6.710919633276483e-06,3.5374929461480754e-06,1.0070636938578783e-11,2
2193,6.710919633276483e-06,3.5350574727397458e-06,1.0086100462729074e-11,2
2194,6.710919633276483e-06,3.532624785260155e-06,1.0101558140927136e-11,2
2195,6.710919633276483e-06,3.5301948792548725e-06,1.0117009960845838e-11,2
2196,6.710919633276483e-06,3.5277677502786175e-06,1.0132455910232858e-11,2
2197,6.710919633276483e-06,3.5253433938952305e-06,1.0147895976910406e-11,2
2198,6.710919633276483e-06,3.522921805677654e-06,1.0163330148774857e-11,2
2199,6.710919633276483e-06,3.52050298120791e-06,1.0178758413796445e-11,2
2200,6.710919633276483e-06,3.5180869160770743e-06,1.0194180760018962e-11,2
2201,6.710919633276483e-06,3.515673605885259e-06,1.02095971755594e-11,2
2202,6.710919633276483e-06,3.513263046241584e-06,1.0225007648607682e-11,2
2203,6.710919633276483e-06,3.510855232764158e-06,1.0240412167426308e-11,2
2204,6.710919633276483e-06,3.508450161080056e-06,1.0255810720350064e-11,2
2205,6.710919633276483e-06,3.5060478268252947e-06,1.0271203295785706e-11,2
2206,6.710919633276483e-06,3.503648225644814e-06,1.028658988221163e-11,2
2207,6.710919633276483e-06,3.5012513531924487e-06,1.0301970468177605e-11,2
2208,6.710919633276483e-06,3.4988572051309138e-06,1.0317345042304413e-11,2
2209,6.710919633276483e-06,3.4964657771317748e-06,1.0332713593283587e-11,2
2210,6.710919633276483e-06,3.4940770648754322e-06,1.034807610987707e-11,2
2211,6.710919633276483e-06,3.491691064051096e-06,1.0363432580916933e-11,2
2212,6.710919633276483e-06,3.4893077703567637e-06,1.0378782995305066e-11,2
2213,6.710919633276483e-06,3.486927179499199e-06,1.0394127342012875e-11,2
2214,6.710919633276483e-06,3.4845492871939113e-06,1.0409465610080976e-11,2
2215,6.710919633276483e-06,3.4821740891651297e-06,1.042479778861892e-11,2
2216,6.710919633276483e-06,3.479801581145789e-06,1.0440123866804853e-11,2
2217,6.710919633276483e-06,3.4774317588775e-06,1.0455443833885255e-11,2
2218,6.710919633276483e-06,3.475064618110531e-06,1.0470757679174644e-11,2
2219,6.710919633276483e-06,3.47270015460379e-06,1.0486065392055251e-11,2
2220,6.710919633276483e-06,3.470338364124796e-06,1.050136696197676e-11,2
2221,6.710919633276483e-06,3.4679792424496648e-06,1.0516662378455999e-11,2
2222,6.710919633276483e-06,3.4656227853630827e-06,1.0531951631076654e-11,2
2223,6.710919633276483e-06,3.463268988658286e-06,1.0547234709488991e-11,2
2224,6.710919633276483e-06,3.4609178481370446e-06,1.056251160340954e-11,2
2225,6.710919633276483e-06,3.4585693596096326e-06,1.057778230262084e-11,2
2226,6.710919633276483e-06,3.456223518894814e-06,1.0593046796971136e-11,2
2227,6.710919633276483e-06,3.4538803218198205e-06,1.0608305076374093e-11,2
2228,6.710919633276483e-06,3.451539764220328e-06,1.0623557130808522e-11,2
2229,6.710919633276483e-06,3.449201841940436e-06,1.0638802950318105e-11,2
2230,6.710919633276483e-06,3.4468665508326507e-06,1.0654042525011084e-11,2
2231,6.710919633276483e-06,3.4445338867578604e-06,1.0669275845060022e-11,2
2232,6.710919633276483e-06,3.4422038455853164e-06,1.0684502900701487e-11,2
2233,6.853984834575665e-06,3.4398764231926094e-06,1.1656136244676534e-11,1
2234,6.853984834575665e-06,3.4375516154656558e-06,1.1672015940638382e-11,1
2235,6.853984834575665e-06,3.4352294182986697e-06,1.1687888596323293e-11,1
2236,6.853984834575665e-06,3.432909827594147e-06,1.1703754203393595e-11,1
2237,6.853984834575665e-06,3.430592839262842e-06,1.1719612753571913e-11,1
2238,6.853984834575665e-06,3.428278449223751e-06,1.173546423864088e-11,1
2239,6.853984834575665e-06,3.4259666534040876e-06,1.1751308650442893e-11,1
2240,6.853984834575665e-06,3.423657447739266e-06,1.176714598087984e-11,1
2241,6.853984834575665e-06,3.421350828172879e-06,1.1782976221912846e-11,1
2242,6.853984834575665e-06,3.4190467906566774e-06,1.1798799365562003e-11,1
2243,6.853984834575665e-06,3.4167453311505525e-06,1.1814615403906116e-11,1
2244,6.853984834575665e-06,3.414446445622514e-06,1.1830424329082441e-11,1
2245,6.853984834575665e-06,3.4121501300486695e-06,1.1846226133286434e-11,1
2246,6.853984834575665e-06,3.4098563804132067e-06,1.1862020808771488e-11,1
2247,6.853984834575665e-06,3.407565192708373e-06,1.1877808347848676e-11,1
2248,6.853984834575665e-06,3.4052765629344537e-06,1.1893588742886514e-11,1
2249,6.853984834575665e-06,3.4029904870997557e-06,1.190936198631068e-11,1
2250,6.853984834575665e-06,3.4007069612205856e-06,1.1925128070603783e-11,1
2251,6.853984834575665e-06,3.3984259813212305e-06,1.1940886988305105e-11,1
2252,6.853984834575665e-06,3.3961475434339377e-06,1.1956638732010361e-11,1
2253,6.853984834575665e-06,3.393871643598898e-06,1.1972383294371428e-11,1
2254,6.853984834575665e-06,3.3915982778642233e-06,1.1988120668096117e-11,1
2255,6.853984834575665e-06,3.3893274422859284e-06,1.200385084594792e-11,1
2256,6.853984834575665e-06,3.3870591329279124e-06,1.2019573820745765e-11,1
2257,6.853984834575665e-06,3.384793345861938e-06,1.2035289585363769e-11,1
2258,6.853984834575665e-06,3.3825300771676125e-06,1.2050998132731003e-11,1
2259,6.853984834575665e-06,3.38026932293237e-06,1.206669945583124e-11,1
2260,6.853984834575665e-06,3.3780110792514525e-06,1.2082393547702712e-11,1
2261,6.853984834575665e-06,3.3757553422278882e-06,1.2098080401437875e-11,1
2262,6.853984834575665e-06,3.373502107972476e-06,1.2113760010183172e-11,1
2263,6.853984834575665e-06,3.371251372603762e-06,1.2129432367138799e-11,1
2264,6.853984834575665e-06,3.3690031322480267e-06,1.2145097465558447e-11,1
2265,6.853984834575665e-06,3.366757383039261e-06,1.2160755298749086e-11,1
2266,6.853984834575665e-06,3.36451412111915e-06,1.2176405860070722e-11,1
2267,6.853984834575665e-06,3.3622733426370535e-06,1.2192049142936167e-11,1
2268,6.853984834575665e-06,3.3600350437499877e-06,1.2207685140810796e-11,1
2269,6.853984834575665e-06,3.3577992206226073e-06,1.2223313847212322e-11,1
2270,6.853984834575665e-06,3.3555658694271844e-06,1.2238935255710568e-11,1
2271,6.853984834575665e-06,3.3533349863435936e-06,1.2254549359927228e-11,1
2272,6.853984834575665e-06,3.35110656755929e-06,1.2270156153535644e-11,1
2273,6.853984834575665e-06,3.3488806092692943e-06,1.2285755630260575e-11,1
2274,6.853984834575665e-06,3.346657107676172e-06,1.2301347783877967e-11,1
2275,6.853984834575665e-06,3.344436058990014e-06,1.2316932608214744e-11,1
2276,6.853984834575665e-06,3.3422174594284245e-06,1.2332510097148543e-11,1
2277,6.853984834575665e-06,3.3400013052164938e-06,1.234808024460754e-11,1
2278,6.853984834575665e-06,3.337787592586788e-06,1.2363643044570189e-11,1
2279,6.853984834575665e-06,3.3355763177793277e-06,1.2379198491065005e-11,1
2280,6.853984834575665e-06,3.3333674770415688e-06,1.2394746578170365e-11,1
2281,6.853984834575665e-06,3.331161066628387e-06,1.241028730001426e-11,1
2282,6.853984834575665e-06,3.328957082802058e-06,1.2425820650774094e-11,1
2283,5.14048862593175e-06,3.326755521832241e-06,3.2896277729064385e-12,1
2284,5.14048862593175e-06,3.324556379995961e-06,3.297609921829398e-12,1
2285,5.14048862593175e-06,3.3223596535775886e-06,3.3055929601135976e-12,1
2286,5.14048862593175e-06,3.320165338868826e-06,3.313576869423567e-12,1
2287,5.14048862593175e-06,3.317973432168685e-06,3.3215616314972214e-12,1
2288,5.14048862593175e-06,3.3157839297834747e-06,3.3295472281455684e-12,1
2289,5.14048862593175e-06,3.313596828026779e-06,3.337533641252457e-12,1
2290,5.14048862593175e-06,3.3114121232194415e-06,3.3455208527742884e-12,1
2291,5.14048862593175e-06,3.3092298116895478e-06,3.3535088447397554e-12,1
2292,5.14048862593175e-06,3.3070498897724096e-06,3.361497599249558e-12,1
2293,5.14048862593175e-06,3.304872353810543e-06,3.3694870984761556e-12,1
2294,5.14048862593175e-06,3.3026972001536553e-06,3.377477324663481e-12,1
2295,5.14048862593175e-06,3.3005244251586255e-06,3.3854682601266814e-12,1
2296,5.14048862593175e-06,3.2983540251894894e-06,3.393459887251847e-12,1
2297,5.14048862593175e-06,3.2961859966174204e-06,3.401452188495748e-12,1
2298,5.14048862593175e-06,3.2940203358207126e-06,3.409445146385577e-12,1
2299,5.14048862593175e-06,3.291857039184763e-06,3.417438743518681e-12,1
2300,5.14048862593175e-06,3.289696103102059e-06,3.4254329625622914e-12,1
2301,5.14048862593175e-06,3.287537523972153e-06,3.433427786253284e-12,1
2302,5.14048862593175e-06,3.2853812982016557e-06,3.44142319739789e-12,1
2303,5.14048862593175e-06,3.2832274222042107e-06,3.449419178871467e-12,1
2304,5.14048862593175e-06,3.2810758924004823e-06,3.45741571361822e-12,1
2305,5.14048862593175e-06,3.2789267052181362e-06,3.4654127846509576e-12,1
2306,5.14048862593175e-06,3.276779857091825e-06,3.473410375050828e-12,1
2307,5.14048862593175e-06,3.2746353444631706e-06,3.4814084679670646e-12,1
2308,5.14048862593175e-06,3.272493163780748e-06,3.489407046616735e-12,1
2309,5.14048862593175e-06,3.270353311500065e-06,3.4974060942844953e-12,1
2310,5.14048862593175e-06,3.2682157840835534e-06,3.5054055943223207e-12,1
2311,5.14048862593175e-06,3.266080578000545e-06,3.513405530149269e-12,1
2312,5.14048862593175e-06,3.2639476897272586e-06,3.521405885251228e-12,1
2313,5.14048862593175e-06,3.261817115746782e-06,3.5294066431806666e-12,1
2314,5.14048862593175e-06,3.2596888525490604e-06,3.5374077875563754e-12,1
2315,5.14048862593175e-06,3.2575628966308727e-06,3.5454093020632392e-12,1
2316,5.14048862593175e-06,3.2554392444958203e-06,3.55341117045198e-12,1
2317,5.14048862593175e-06,3.253317892654309e-06,3.5614133765389124e-12,1
2318,5.14048862593175e-06,3.2511988376235346e-06,3.5694159042057e-12,1
2319,5.14048862593175e-06,3.249082075927465e-06,3.577418737399111e-12,1
2320,5.14048862593175e-06,3.2469676040968233e-06,3.5854218601307836e-12,1
2321,5.14048862593175e-06,3.2448554186690755e-06,3.593425256476973e-12,1
2322,5.14048862593175e-06,3.2427455161884096e-06,3.601428910578323e-12,1
2323,5.14048862593175e-06,3.240637893205724e-06,3.6094328066396163e-12,1
2324,5.14048862593175e-06,3.238532546278609e-06,3.6174369289295435e-12,1
2325,5.14048862593175e-06,3.2364294719713324e-06,3.62544126178046e-12,1
2326,5.14048862593175e-06,3.2343286668548215e-06,3.6334457895881565e-12,1
2327,5.14048862593175e-06,3.23223012750665e-06,3.641450496811616e-12,1
2328,5.14048862593175e-06,3.2301338505110217e-06,3.64945536797278e-12,1
2329,5.14048862593175e-06,3.2280398324587525e-06,3.6574603876563225e-12,1
2330,5.14048862593175e-06,3.2259480699472574e-06,3.665465540509409e-12,1
2331,5.14048862593175e-06,3.2238585595805334e-06,3.6734708112414675e-12,1
2332,5.14048862593175e-06,3.221771297969146e-06,3.6814761846239536e-12,1
2333,5.14048862593175e-06,3.219686281730211e-06,3.689481645490127e-12,1
2334,5.14048862593175e-06,3.2176035074873794e-06,3.69748717873482e-12,1
2335,5.14048862593175e-06,3.2155229718708256e-06,3.705492769314201e-12,1
2336,5.14048862593175e-06,3.2134446715172267e-06,3.713498402245562e-12,1
2337,5.14048862593175e-06,3.21136860306975e-06,3.721504062607082e-12,1
2338,5.14048862593175e-06,3.209294763178039e-06,3.729509735537597e-12,1
2339,5.14048862593175e-06,3.207223148498195e-06,3.737515406236391e-12,1
2340,5.14048862593175e-06,3.2051537556927644e-06,3.74552105996295e-12,1
2341,5.14048862593175e-06,3.2030865814307216e-06,3.7535266820367634e-12,1
2342,5.14048862593175e-06,3.201021622387456e-06,3.761532257837082e-12,1
2343,5.14048862593175e-06,3.1989588752447555e-06,3.769537772802702e-12,1
2344,5.14048862593175e-06,3.1968983366907907e-06,3.777543212431755e-12,1
2345,5.14048862593175e-06,3.194840003420102e-06,3.7855485622814726e-12,1
2346,5.14048862593175e-06,3.1927838721335836e-06,3.793553807967975e-12,1
2347,5.14048862593175e-06,3.1907299395384682e-06,3.8015589351660546e-12,1
2348,5.14048862593175e-06,3.1886782023483126e-06,3.809563929608956e-12,1
2349,5.14048862593175e-06,3.1866286572829837e-06,3.817568777088157e-12,1
2350,5.14048862593175e-06,3.184581301068641e-06,3.825573463453163e-12,1
2351,5.14048862593175e-06,3.182536130437724e-06,3.833577974611282e-12,1
2352,5.14048862593175e-06,3.1804931421289385e-06,3.841582296527415e-12,1
2353,5.14048862593175e-06,3.1784523328872404e-06,3.8495864152238394e-12,1
2354,5.14048862593175e-06,3.176413699463819e-06,3.857590316780007e-12,1
2355,5.14048862593175e-06,3.1743772386160876e-06,3.8655939873323176e-12,1
2356,5.14048862593175e-06,3.172342947107663e-06,3.873597413073924e-12,1
2357,5.14048862593175e-06,3.170310821708357e-06,3.881600580254509e-12,1
2358,5.14048862593175e-06,3.168280859194157e-06,3.889603475180083e-12,1
2359,5.14048862593175e-06,3.1662530563472132e-06,3.897606084212779e-12,1
2360,5.14048862593175e-06,3.164227409955826e-06,3.905608393770636e-12,1
2361,5.14048862593175e-06,3.162203916814429e-06,3.913610390327402e-12,1
2362,5.14048862593175e-06,3.1601825737235775e-06,3.9216120604123156e-12,1
2363,5.14048862593175e-06,3.15816337748993e-06,3.929613390609923e-12,1
2364,5.14048862593175e-06,3.1561463249262382e-06,3.937614367559848e-12,1
2365,5.14048862593175e-06,3.1541314128513304e-06,3.94561497795661e-12,1
2366,5.14048862593175e-06,3.1521186380900997e-06,3.953615208549403e-12,1
2367,5.14048862593175e-06,3.1501079974734853e-06,3.961615046141915e-12,1
2368,5.14048862593175e-06,3.148099487838465e-06,3.969614477592101e-12,1
2369,5.14048862593175e-06,3.146093106028035e-06,3.977613489812008e-12,1
2370,5.14048862593175e-06,3.1440888488911997e-06,3.9856120697675576e-12,1
2371,5.14048862593175e-06,3.1420867132829547e-06,3.993610204478362e-12,1
2372,5.14048862593175e-06,3.140086696064278e-06,4.001607881017505e-12,1
2373,5.14048862593175e-06,3.13808879410211e-06,4.0096050865113684e-12,1
2374,5.14048862593175e-06,3.1360930042693433e-06,4.0176018081394245e-12,1
2375,5.14048862593175e-06,3.134099323444809e-06,4.025598033134032e-12,1
2376,5.14048862593175e-06,3.1321077485132602e-06,4.033593748780261e-12,1
2377,5.14048862593175e-06,3.130118276365362e-06,4.0415889424156805e-12,1
2378,5.14048862593175e-06,3.128130903897674e-06,4.049583601430175e-12,1
2379,5.14048862593175e-06,3.12614562801264e-06,4.057577713265747e-12,1
2380,5.14048862593175e-06,3.1241624456185718e-06,4.06557126541633e-12,1
2381,5.14048862593175e-06,3.1221813536296385e-06,4.073564245427588e-12,1
2382,5.14048862593175e-06,3.1202023489658495e-06,4.081556640896738e-12,1
2383,5.14048862593175e-06,3.1182254285530435e-06,4.089548439472348e-12,1
2384,5.14048862593175e-06,3.116250589322873e-06,4.0975396288541605e-12,1
2385,5.14048862593175e-06,3.1142778282127933e-06,4.10553019679289e-12,1
2386,5.14048862593175e-06,3.1123071421660482e-06,4.113520131090043e-12,1
2387,5.14048862593175e-06,3.1103385281316553e-06,4.121509419597733e-12,1
2388,5.14048862593175e-06,3.108371983064394e-06,4.129498050218493e-12,1
2389,5.14048862593175e-06,3.106407503924792e-06,4.137486010905083e-12,1
2390,5.14048862593175e-06,3.104445087679112e-06,4.14547328966032e-12,1
2391,5.14048862593175e-06,3.1024847312993386e-06,4.153459874536875e-12,1
2392,5.14048862593175e-06,3.1005264317631636e-06,4.161445753637112e-12,1
2393,5.14048862593175e-06,3.0985701860539775e-06,4.169430915112875e-12,1
2394,5.14048862593175e-06,3.09661599116085e-06,4.177415347165339e-12,1
2395,5.14048862593175e-06,3.0946638440785203e-06,4.185399038044813e-12,1
2396,5.14048862593175e-06,3.092713741807386e-06,4.1933819760505505e-12,1
2397,5.14048862593175e-06,3.0907656813534855e-06,4.20136414953059e-12,1
2398,5.14048862593175e-06,3.0888196597284884e-06,4.209345546881559e-12,1
2399,5.14048862593175e-06,3.086875673949682e-06,4.217326156548502e-12,1
2400,5.14048862593175e-06,3.0849337210399576e-06,4.225305967024704e-12,1
2401,5.14048862593175e-06,3.0829937980277985e-06,4.23328496685151e-12,1
2402,5.14048862593175e-06,3.0810559019472654e-06,4.241263144618153e-12,1
2403,5.14048862593175e-06,3.079120029837987e-06,4.24924048896157e-12,1
2404,5.14048862593175e-06,3.0771861787451433e-06,4.257216988566238e-12,1
2405,5.14048862593175e-06,3.075254345719456e-06,4.2651926321639906e-12,1
2406,5.14048862593175e-06,3.0733245278171733e-06,4.27316740853385e-12,1
2407,5.14048862593175e-06,3.0713967221000605e-06,4.281141306501844e-12,1
2408,5.14048862593175e-06,3.0694709256353843e-06,4.289114314940846e-12,1
2409,5.14048862593175e-06,3.0675471354958995e-06,4.297086422770404e-12,1
2410,5.14048862593175e-06,3.0656253487598427e-06,4.305057618956546e-12,1
2411,5.14048862593175e-06,3.063705562510911e-06,4.313027892511644e-12,1
2412,5.14048862593175e-06,3.0617877738382552e-06,4.32099723249422e-12,1
2413,5.14048862593175e-06,3.0598719798364677e-06,4.32896562800878e-12,1
2414,5.14048862593175e-06,3.0579581776055663e-06,4.336933068205655e-12,1
2415,5.14048862593175e-06,3.0560463642509853e-06,4.34489954228082e-12,1
2416,5.14048862593175e-06,3.054136536883561e-06,4.352865039475742e-12,1
2417,5.14048862593175e-06,3.0522286926195204e-06,4.360829549077196e-12,1
2418,5.14048862593175e-06,3.050322828580469e-06,4.368793060417114e-12,1
2419,5.14048862593175e-06,3.048418941893377e-06,4.3767555628724165e-12,1
2420,5.14048862593175e-06,3.04651702969057e-06,4.384717045864834e-12,1
2421,5.14048862593175e-06,3.044617089109715e-06,4.3926774988607574e-12,1
2422,5.14048862593175e-06,3.0427191172938056e-06,4.400636911371081e-12,1
2423,5.14048862593175e-06,3.040823111391157e-06,4.4085952729510115e-12,1
2424,5.14048862593175e-06,3.038929068555387e-06,4.4165525731999335e-12,1
2425,5.14048862593175e-06,3.0370369859454058e-06,4.42450880176124e-12,1
2426,5.14048862593175e-06,3.0351468607254068e-06,4.4324639483221596e-12,1
2427,5.14048862593175e-06,3.0332586900648515e-06,4.4404180026136115e-12,1
2428,5.14048862593175e-06,3.0313724711384578e-06,4.448370954410041e-12,1
2429,5.14048862593175e-06,3.029488201126191e-06,4.45632279352925e-12,1
2430,5.14048862593175e-06,3.0276058772132474e-06,4.464273509832254e-12,1
2431,5.14048862593175e-06,3.0257254965900455e-06,4.4722230932231175e-12,1
2432,5.14048862593175e-06,3.0238470564522146e-06,4.48017153364879e-12,1
2433,5.14048862593175e-06,3.0219705540005804e-06,4.488118821098959e-12,1
2434,5.14048862593175e-06,3.0200959864411557e-06,4.496064945605888e-12,1
2435,5.14048862593175e-06,3.0182233509851277e-06,4.504009897244261e-12,1
2436,5.14048862593175e-06,3.016352644848844e-06,4.511953666131037e-12,1
2437,5.14048862593175e-06,3.0144838652538066e-06,4.5198962424252785e-12,1
2438,5.14048862593175e-06,3.0126170094266547e-06,4.527837616328006e-12,1
2439,5.14048862593175e-06,3.0107520745991564e-06,4.535777778082048e-12,1
2440,5.14048862593175e-06,3.0088890580081942e-06,4.543716717971889e-12,1
2441,5.14048862593175e-06,3.007027956895757e-06,4.551654426323504e-12,1
2442,5.14048862593175e-06,3.005168768508926e-06,4.559590893504228e-12,1
2443,5.14048862593175e-06,3.0033114900998644e-06,4.56752610992258e-12,1
2444,5.14048862593175e-06,3.001456118925804e-06,4.5754600660281414e-12,1
2445,5.14048862593175e-06,2.9996026522490386e-06,4.5833927523113695e-12,1
2446,5.14048862593175e-06,2.9977510873369057e-06,4.591324159303491e-12,1
2447,5.14048862593175e-06,2.995901421461781e-06,4.5992542775763145e-12,1
2448,5.14048862593175e-06,2.9940536519010647e-06,4.607183097742107e-12,1
2449,5.14048862593175e-06,2.99220777593717e-06,4.6151106104534345e-12,1
2450,5.14048862593175e-06,2.9903637908575102e-06,4.623036806403025e-12,1
2451,5.14048862593175e-06,2.9885216939544936e-06,4.630961676323604e-12,1
2452,5.14048862593175e-06,2.9866814825255044e-06,4.63888521098777e-12,1
2453,5.14048862593175e-06,2.9848431538728966e-06,4.646807401207836e-12,1
2454,5.14048862593175e-06,2.983006705303982e-06,4.654728237835681e-12,1
2455,5.14048862593175e-06,2.9811721341310176e-06,4.662647711762621e-12,1
2456,5.14048862593175e-06,2.979339437671196e-06,4.6705658139192504e-12,1
2457,5.14048862593175e-06,2.9775086132466332e-06,4.678482535275307e-12,1
2458,5.14048862593175e-06,2.975679658184359e-06,4.686397866839523e-12,1
2459,5.14048862593175e-06,2.973852569816304e-06,4.694311799659492e-12,1
2460,5.14048862593175e-06,2.972027345479291e-06,4.702224324821516e-12,1
2461,5.14048862593175e-06,2.970203982515022e-06,4.710135433450473e-12,1
2462,5.14048862593175e-06,2.968382478270069e-06,4.718045116709668e-12,1
2463,5.14048862593175e-06,2.9665628300958593e-06,4.725953365800709e-12,1
2464,5.14048862593175e-06,2.9647450353486724e-06,4.7338601719633415e-12,1
2465,5.14048862593175e-06,2.9629290913896193e-06,4.74176552647534e-12,1
2466,5.14048862593175e-06,2.9611149955846405e-06,4.7496694206523375e-12,1
2467,5.14048862593175e-06,2.95930274530449e-06,4.757571845847714e-12,1
2468,5.14048862593175e-06,2.957492337924725e-06,4.7654727934524485e-12,1
2469,5.14048862593175e-06,2.9556837708256967e-06,4.773372254894981e-12,1
2470,5.14048862593175e-06,2.9538770413925407e-06,4.78127022164107e-12,1
2471,5.14048862593175e-06,2.9520721470151623e-06,4.789166685193675e-12,1
2472,5.14048862593175e-06,2.95026908508823e-06,4.797061637092799e-12,1
2473,5.14048862593175e-06,2.948467853011161e-06,4.8049550689153755e-12,1
2474,5.14048862593175e-06,2.946668448188116e-06,4.812846972275109e-12,1
2475,5.14048862593175e-06,2.944870868027983e-06,4.8207373388223625e-12,1
2476,5.14048862593175e-06,2.943075109944369e-06,4.828626160244022e-12,1
2477,5.14048862593175e-06,2.9412811713555917e-06,4.836513428263344e-12,1
2478,5.14048862593175e-06,2.939489049684665e-06,4.844399134639846e-12,1
2479,5.14048862593175e-06,2.9376987423592908e-06,4.852283271169167e-12,1
2480,5.14048862593175e-06,2.935910246811851e-06,4.86016582968292e-12,1
2481,5.14048862593175e-06,2.9341235604793905e-06,4.868046802048593e-12,1
2482,5.14048862593175e-06,2.9323386808036136e-06,4.87592618016939e-12,1
2483,5.14048862593175e-06,2.93055560523087e-06,4.883803955984115e-12,1
2484,5.14048862593175e-06,2.9287743312121457e-06,4.891680121467035e-12,1
2485,5.14048862593175e-06,2.9269948562030512e-06,4.899554668627764e-12,1
2486,5.14048862593175e-06,2.925217177663814e-06,4.907427589511117e-12,1
2487,5.14048862593175e-06,2.9234412930592673e-06,4.915298876196987e-12,1
2488,5.14048862593175e-06,2.9216671998588364e-06,4.923168520800236e-12,1
2489,5.14048862593175e-06,2.9198948955365335e-06,4.931036515470542e-12,1
2490,5.14048862593175e-06,2.9181243775709462e-06,4.9389028523922785e-12,1
2491,5.14048862593175e-06,2.9163556434452254e-06,4.946767523784402e-12,1
2492,5.14048862593175e-06,2.914588690647077e-06,4.954630521900309e-12,1
2493,5.14048862593175e-06,2.912823516668751e-06,4.962491839027727e-12,1
2494,5.14048862593175e-06,2.9110601190070327e-06,4.9703514674885725e-12,1
2495,5.14048862593175e-06,2.909298495163231e-06,4.97820939963884e-12,1
2496,5.14048862593175e-06,2.9075386426431685e-06,4.986065627868475e-12,1
2497,5.14048862593175e-06,2.905780558957174e-06,4.993920144601244e-12,1
2498,5.14048862593175e-06,2.904024241620069e-06,5.001772942294625e-12,1
2499,5.14048862593175e-06,2.902269688151162e-06,5.009624013439663e-12,1
2500,5.14048862593175e-06,2.900516896074233e-06,5.017473350560876e-12,1
2501,5.14048862593175e-06,2.8987658629175295e-06,5.0253209462161095e-12,1
2502,5.14048862593175e-06,2.897016586213753e-06,5.0331667929964276e-12,1
2503,5.14048862593175e-06,2.89526906350005e-06,5.0410108835259936e-12,1
2504,5.14048862593175e-06,2.893523292318003e-06,5.048853210461936e-12,1
2505,5.14048862593175e-06,2.89177927021362e-06,5.056693766494246e-12,1
2506,5.14048862593175e-06,2.8900369947373244e-06,5.064532544345649e-12,1
2507,5.14048862593175e-06,2.888296463443947e-06,5.0723695367714856e-12,1
2508,5.14048862593175e-06,2.886557673892713e-06,5.0802047365595974e-12,1
2509,5.14048862593175e-06,2.8848206236472385e-06,5.088038136530198e-12,1
2510,5.14048862593175e-06,2.8830853102755126e-06,5.095869729535773e-12,1
2511,5.14048862593175e-06,2.8813517313498945e-06,5.103699508460948e-12,1
2512,5.14048862593175e-06,2.8796198844471005e-06,5.111527466222381e-12,1
2513,5.14048862593175e-06,2.877889767148196e-06,5.11935359576864e-12,1
2514,5.14048862593175e-06,2.876161377038585e-06,5.127177890080088e-12,1
2515,5.14048862593175e-06,2.874434711708001e-06,5.135000342168772e-12,1
2516,5.14048862593175e-06,2.8727097687505e-06,5.142820945078295e-12,1
2517,5.14048862593175e-06,2.8709865457644433e-06,5.15063969188373e-12,1
2518,5.14048862593175e-06,2.869265040352498e-06,5.158456575691473e-12,1
2519,5.14048862593175e-06,2.867545250121621e-06,5.166271589639144e-12,1
2520,5.14048862593175e-06,2.865827172683052e-06,5.174084726895477e-12,1
2521,5.14048862593175e-06,2.864110805652304e-06,5.181895980660201e-12,1
2522,5.14048862593175e-06,2.8623961466491518e-06,5.189705344163934e-12,1
2523,5.14048862593175e-06,2.8606831932976274e-06,5.197512810668057e-12,1
2524,5.14048862593175e-06,2.8589719432260062e-06,5.20531837346462e-12,1
2525,5.14048862593175e-06,2.8572623940668e-06,5.2131220258762176e-12,1
2526,5.14048862593175e-06,2.8555545434567454e-06,5.22092376125589e-12,1
2527,5.14048862593175e-06,2.853848389036799e-06,5.228723572986995e-12,1
2528,5.14048862593175e-06,2.8521439284521236e-06,5.2365214544831214e-12,1
2529,5.14048862593175e-06,2.850441159352083e-06,5.24431739918795e-12,1
2530,5.14048862593175e-06,2.8487400793902282e-06,5.252111400575176e-12,1
2531,5.14048862593175e-06,2.847040686224292e-06,5.259903452148383e-12,1
2532,5.14048862593175e-06,2.845342977516181e-06,5.267693547440921e-12,1
2533,5.14048862593175e-06,2.8436469509319607e-06,5.275481680015836e-12,1
2534,5.14048862593175e-06,2.8419526041418527e-06,5.283267843465726e-12,1
2535,5.14048862593175e-06,2.8402599348202217e-06,5.291052031412653e-12,1
2536,5.14048862593175e-06,2.838568940645569e-06,5.2988342375080294e-12,1
2537,5.14048862593175e-06,2.836879619300521e-06,5.3066144554325154e-12,1
2538,5.14048862593175e-06,2.8351919684718237e-06,5.3143926788959075e-12,1
2539,5.14048862593175e-06,2.8335059858503292e-06,5.3221689016370404e-12,1
2540,5.14048862593175e-06,2.831821669130991e-06,5.329943117423676e-12,1
2541,5.14048862593175e-06,2.8301390160128536e-06,5.337715320052395e-12,1
2542,5.14048862593175e-06,2.828458024199041e-06,5.34548550334851e-12,1
2543,5.14048862593175e-06,2.8267786913967537e-06,5.3532536611659355e-12,1
2544,5.14048862593175e-06,2.8251010153172547e-06,5.3610197873871e-12,1
2545,5.14048862593175e-06,2.823424993675862e-06,5.368783875922848e-12,1
2546,5.14048862593175e-06,2.8217506241919396e-06,5.376545920712328e-12,1
2547,5.14048862593175e-06,2.820077904588894e-06,5.384305915722872e-12,1
2548,5.14048862593175e-06,2.8184068325941544e-06,5.392063854949943e-12,1
2549,5.14048862593175e-06,2.8167374059391754e-06,5.399819732416977e-12,1
2550,5.14048862593175e-06,2.815069622359421e-06,5.407573542175321e-12,1
2551,5.14048862593175e-06,2.81340347959436e-06,5.41532527830411e-12,1
2552,5.14048862593175e-06,2.811738975387454e-06,5.423074934910178e-12,1
2553,5.14048862593175e-06,2.8100761074861514e-06,5.430822506127956e-12,1
2554,5.14048862593175e-06,2.8084148736418787e-06,5.438567986119358e-12,1
2555,5.14048862593175e-06,2.8067552716100285e-06,5.4463113690737126e-12,1
2556,5.14048862593175e-06,2.8050972991499563e-06,5.454052649207625e-12,1
2557,5.14048862593175e-06,2.803440954024968e-06,5.461791820764909e-12,1
2558,5.14048862593175e-06,2.8017862340023122e-06,5.469528878016472e-12,1
2559,5.14048862593175e-06,2.800133136853174e-06,5.4772638152602195e-12,1
2560,5.14048862593175e-06,2.7984816603526625e-06,5.484996626820964e-12,1
2561,5.14048862593175e-06,2.796831802279805e-06,5.492727307050322e-12,1
2562,5.14048862593175e-06,2.7951835604175386e-06,5.500455850326618e-12,1
2563,5.14048862593175e-06,2.7935369325527014e-06,5.508182251054782e-12,1
2564,5.14048862593175e-06,2.7918919164760243e-06,5.515906503666261e-12,1
2565,5.14048862593175e-06,2.790248509982121e-06,5.523628602618925e-12,1
2566,5.14048862593175e-06,2.7886067108694817e-06,5.531348542396961e-12,1
2567,5.14048862593175e-06,2.7869665169404643e-06,5.5390663175107876e-12,1
2568,5.14048862593175e-06,2.785327926001286e-06,5.546781922496952e-12,1
2569,5.14048862593175e-06,2.7836909358620144e-06,5.55449535191804e-12,1
2570,5.14048862593175e-06,2.7820555443365598e-06,5.5622066003625834e-12,1
2571,5.14048862593175e-06,2.7804217492426674e-06,5.5699156624449595e-12,1
2572,5.14048862593175e-06,2.7787895484019084e-06,5.577622532805303e-12,1
2573,5.14048862593175e-06,2.7771589396396713e-06,5.585327206109414e-12,1
2574,5.14048862593175e-06,2.775529920785156e-06,5.593029677048653e-12,1
2575,5.14048862593175e-06,2.7739024896713624e-06,5.600729940339868e-12,1
2576,5.14048862593175e-06,2.772276644135085e-06,5.608427990725286e-12,1
2577,5.14048862593175e-06,2.770652382016903e-06,5.616123822972429e-12,1
2578,5.14048862593175e-06,2.769029701161174e-06,5.6238174318740146e-12,1
2579,5.14048862593175e-06,2.767408599416024e-06,5.631508812247878e-12,1
2580,5.14048862593175e-06,2.7657890746333407e-06,5.639197958936865e-12,1
2581,5.14048862593175e-06,2.7641711246687643e-06,5.646884866808759e-12,1
2582,5.14048862593175e-06,2.7625547473816814e-06,5.6545695307561705e-12,1
2583,5.14048862593175e-06,2.7609399406352147e-06,5.662251945696468e-12,1
2584,5.14048862593175e-06,2.759326702296217e-06,5.6699321065716715e-12,1
2585,5.14048862593175e-06,2.7577150302352613e-06,5.677610008348372e-12,1
2586,5.14048862593175e-06,2.7561049223266346e-06,5.685285646017646e-12,1
2587,5.14048862593175e-06,2.754496376448331e-06,5.692959014594943e-12,1
2588,5.14048862593175e-06,2.752889390482038e-06,5.7006301091200465e-12,1
2589,5.14048862593175e-06,2.751283962313138e-06,5.708298924656922e-12,1
2590,5.14048862593175e-06,2.749680089830691e-06,5.7159654562936874e-12,1
2591,5.14048862593175e-06,2.7480777709274334e-06,5.723629699142484e-12,1
2592,5.14048862593175e-06,2.746477003499766e-06,5.731291648339419e-12,1
2593,5.14048862593175e-06,2.7448777854477496e-06,5.738951299044457e-12,1
2594,5.14048862593175e-06,2.743280114675096e-06,5.746608646441342e-12,1
2595,5.14048862593175e-06,2.741683989089158e-06,5.754263685737518e-12,1
2596,5.14048862593175e-06,2.7400894066009247e-06,5.761916412164034e-12,1
2597,5.14048862593175e-06,2.738496365125014e-06,5.769566820975453e-12,1
2598,5.14048862593175e-06,2.73690486257966e-06,5.777214907449795e-12,1
2599,5.14048862593175e-06,2.735314896886712e-06,5.784860666888413e-12,1
2600,5.14048862593175e-06,2.7337264659716225e-06,5.792504094615937e-12,1
2601,5.14048862593175e-06,2.732139567763442e-06,5.800145185980175e-12,1
2602,5.14048862593175e-06,2.7305542001948083e-06,5.807783936352042e-12,1
2603,5.14048862593175e-06,2.7289703612019424e-06,5.815420341125461e-12,1
2604,5.14048862593175e-06,2.727388048724638e-06,5.823054395717295e-12,1
2605,5.14048862593175e-06,2.725807260706257e-06,5.83068609556725e-12,1
2606,5.14048862593175e-06,2.7242279950937175e-06,5.838315436137805e-12,1
2607,5.14048862593175e-06,2.7226502498374924e-06,5.845942412914115e-12,1
2608,5.14048862593175e-06,2.721074022891596e-06,5.853567021403945e-12,1
2609,5.14048862593175e-06,2.719499312213579e-06,5.8611892571375795e-12,1
2610,5.14048862593175e-06,2.717926115764523e-06,5.868809115667735e-12,1
2611,5.14048862593175e-06,2.716354431509029e-06,5.8764265925694926e-12,1
2612,5.14048862593175e-06,2.714784257415214e-06,5.884041683440205e-12,1
2613,5.14048862593175e-06,2.7132155914546988e-06,5.8916543838994306e-12,1
2614,5.14048862593175e-06,2.7116484316026077e-06,5.8992646895888244e-12,1
2615,5.14048862593175e-06,2.7100827758375525e-06,5.906872596172097e-12,1
2616,5.14048862593175e-06,2.7085186221416324e-06,5.914478099334903e-12,1
2617,5.14048862593175e-06,2.706955968500423e-06,5.922081194784776e-12,1
2618,5.14048862593175e-06,2.705394812902969e-06,5.929681878251046e-12,1
2619,5.14048862593175e-06,2.703835153341779e-06,5.937280145484764e-12,1
2620,5.14048862593175e-06,2.702276987812816e-06,5.944875992258613e-12,1
2621,5.14048862593175e-06,2.700720314315492e-06,5.952469414366845e-12,1
2622,5.14048862593175e-06,2.6991651308526584e-06,5.96006040762519e-12,1
2623,5.14048862593175e-06,2.6976114354306014e-06,5.967648967870784e-12,1
2624,5.14048862593175e-06,2.696059226059033e-06,5.975235090962089e-12,1
2625,5.14048862593175e-06,2.6945085007510846e-06,5.982818772778822e-12,1
2626,5.14048862593175e-06,2.6929592575232984e-06,5.990400009221872e-12,1
2627,5.14048862593175e-06,2.6914114943956247e-06,5.997978796213214e-12,1
2628,5.14048862593175e-06,2.6898652093914078e-06,6.0055551296958584e-12,1
2629,5.14048862593175e-06,2.688320400537383e-06,6.013129005633756e-12,1
2630,5.14048862593175e-06,2.686777065863673e-06,6.020700420011715e-12,1
2631,5.14048862593175e-06,2.6852352034037718e-06,6.0282693688353494e-12,1
2632,5.14048862593175e-06,2.6836948111945463e-06,6.03583584813098e-12,1
2633,5.14048862593175e-06,2.6821558872762235e-06,6.0433998539455794e-12,1
2634,5.14048862593175e-06,2.680618429692387e-06,6.050961382346682e-12,1
2635,5.14048862593175e-06,2.6790824364899676e-06,6.058520429422314e-12,1
2636,5.14048862593175e-06,2.677547905719239e-06,6.06607699128092e-12,1
2637,5.14048862593175e-06,2.6760148354338067e-06,6.073631064051299e-12,1
2638,5.14048862593175e-06,2.6744832236906065e-06,6.081182643882503e-12,1
2639,5.14048862593175e-06,2.672953068549891e-06,6.088731726943801e-12,1
2640,5.14048862593175e-06,2.671424368075229e-06,6.096278309424571e-12,1
2641,5.14048862593175e-06,2.669897120333495e-06,6.1038223875342516e-12,1
2642,5.14048862593175e-06,2.668371323394863e-06,6.111363957502253e-12,1
2643,5.14048862593175e-06,2.6668469753327995e-06,6.118903015577899e-12,1
2644,5.14048862593175e-06,2.665324074224057e-06,6.1264395580303425e-12,1
2645,5.14048862593175e-06,2.6638026181486676e-06,6.133973581148501e-12,1
2646,5.14048862593175e-06,2.6622826051899342e-06,6.141505081240984e-12,1
2647,5.14048862593175e-06,2.6607640334344266e-06,6.149034054636015e-12,1
2648,5.14048862593175e-06,2.659246900971972e-06,6.156560497681372e-12,1
2649,5.14048862593175e-06,2.657731205895651e-06,6.164084406744305e-12,1
2650,5.14048862593175e-06,2.6562169463017876e-06,6.171605778211473e-12,1
2651,5.14048862593175e-06,2.6547041202899448e-06,6.179124608488873e-12,1
2652,5.14048862593175e-06,2.653192725962917e-06,6.186640894001766e-12,1
2653,5.14048862593175e-06,2.651682761426723e-06,6.1941546311946135e-12,1
2654,5.14048862593175e-06,2.6501742247906016e-06,6.201665816530995e-12,1
2655,5.14048862593175e-06,2.648667114167001e-06,6.209174446493557e-12,1
2656,5.14048862593175e-06,2.6471614276715753e-06,6.2166805175839304e-12,1
2657,5.14048862593175e-06,2.645657163423177e-06,6.224184026322664e-12,1
2658,5.14048862593175e-06,2.644154319543849e-06,6.231684969249162e-12,1
2659,5.14048862593175e-06,2.6426528941588197e-06,6.239183342921609e-12,1
2660,5.14048862593175e-06,2.6411528853964973e-06,6.2466791439168985e-12,1
2661,5.14048862593175e-06,2.639654291388459e-06,6.254172368830584e-12,1
2662,5.14048862593175e-06,2.6381571102694497e-06,6.2616630142767835e-12,1
2663,5.14048862593175e-06,2.6366613401773717e-06,6.269151076888136e-12,1
2664,5.14048862593175e-06,2.6351669792532793e-06,6.276636553315722e-12,1
2665,5.14048862593175e-06,2.633674025641373e-06,6.2841194402290015e-12,1
2666,5.14048862593175e-06,2.632182477488992e-06,6.291599734315741e-12,1
2667,5.14048862593175e-06,2.630692332946609e-06,6.299077432281954e-12,1
2668,5.14048862593175e-06,2.6292035901678216e-06,6.306552530851833e-12,1
2669,5.14048862593175e-06,2.6277162473093475e-06,6.314025026767685e-12,1
2670,5.14048862593175e-06,2.626230302531018e-06,6.3214949167898576e-12,1
2671,5.14048862593175e-06,2.6247457539957714e-06,6.328962197696684e-12,1
2672,5.14048862593175e-06,2.623262599869646e-06,6.33642686628441e-12,1
2673,5.14048862593175e-06,2.6217808383217736e-06,6.34388891936714e-12,1
2674,5.14048862593175e-06,2.6203004675243746e-06,6.351348353776756e-12,1
2675,5.14048862593175e-06,2.6188214856527504e-06,6.3588051663628665e-12,1
2676,5.14048862593175e-06,2.6173438908852783e-06,6.3662593539927285e-12,1
2677,5.14048862593175e-06,2.615867681403402e-06,6.373710913551205e-12,1
2678,5.14048862593175e-06,2.614392855391629e-06,6.381159841940686e-12,1
2679,5.14048862593175e-06,2.612919411037523e-06,6.388606136081018e-12,1
2680,5.14048862593175e-06,2.611447346531698e-06,6.396049792909451e-12,1
2681,5.14048862593175e-06,2.609976660067809e-06,6.403490809380587e-12,1
2682,5.14048862593175e-06,2.6085073498425504e-06,6.41092918246629e-12,1
2683,5.14048862593175e-06,2.6070394140556473e-06,6.418364909155644e-12,1
2684,5.14048862593175e-06,2.605572850909849e-06,6.4257979864548835e-12,1
2685,5.14048862593175e-06,2.6041076586109236e-06,6.433228411387329e-12,1
2686,5.14048862593175e-06,2.6026438353676514e-06,6.4406561809933314e-12,1
2687,5.14048862593175e-06,2.60118137939182e-06,6.448081292330198e-12,1
2688,5.14048862593175e-06,2.5997202888982147e-06,6.455503742472155e-12,1
2689,5.14048862593175e-06,2.5982605621046167e-06,6.462923528510254e-12,1
2690,5.14048862593175e-06,2.5968021972317945e-06,6.470340647552332e-12,1
2691,5.14048862593175e-06,2.595345192503498e-06,6.477755096722949e-12,1
2692,5.14048862593175e-06,2.5938895461464527e-06,6.4851668731633215e-12,1
2693,5.14048862593175e-06,2.592435256390354e-06,6.4925759740312615e-12,1
2694,5.14048862593175e-06,2.5909823214678586e-06,6.499982396501127e-12,1
2695,5.14048862593175e-06,2.589530739614583e-06,6.507386137763746e-12,1
2696,5.14048862593175e-06,2.5880805090690956e-06,6.51478719502636e-12,1
2697,5.14048862593175e-06,2.586631628072907e-06,6.5221855655125804e-12,1
2698,5.14048862593175e-06,2.5851840948704677e-06,6.529581246462318e-12,1
2699,5.14048862593175e-06,2.5837379077091643e-06,6.536974235131706e-12,1
2700,5.14048862593175e-06,2.5822930648393072e-06,6.544364528793076e-12,1
2701,5.14048862593175e-06,2.58084956451413e-06,6.551752124734873e-12,1
2702,5.14048862593175e-06,2.579407404989781e-06,6.5591370202616055e-12,1
2703,5.14048862593175e-06,2.5779665845253184e-06,6.566519212693784e-12,1
2704,5.14048862593175e-06,2.5765271013827024e-06,6.573898699367875e-12,1
2705,5.14048862593175e-06,2.5750889538267933e-06,6.5812754776362176e-12,1
2706,5.14048862593175e-06,2.5736521401253398e-06,6.588649544867e-12,1
2707,5.14048862593175e-06,2.572216658548979e-06,6.596020898444167e-12,1
2708,5.14048862593175e-06,2.5707825073712268e-06,6.603389535767388e-12,1
2709,5.14048862593175e-06,2.569349684868473e-06,6.610755454251988e-12,1
2710,5.14048862593175e-06,2.567918189319976e-06,6.6181186513288924e-12,1
2711,5.14048862593175e-06,2.5664880190078556e-06,6.625479124444575e-12,1
2712,5.14048862593175e-06,2.5650591722170902e-06,6.632836871060989e-12,1
2713,5.14048862593175e-06,2.563631647235506e-06,6.640191888655533e-12,1
2714,5.14048862593175e-06,2.562205442353777e-06,6.647544174720966e-12,1
2715,3.4269924172878327e-06,2.5607805558654144e-06,7.503229888688908e-13,1
2716,3.4269924172878327e-06,2.5593569860667636e-06,7.527912415101705e-13,1
2717,3.4269924172878327e-06,2.5579347312569983e-06,7.552612616492684e-13,1
2718,3.4269924172878327e-06,2.556513789738112e-06,7.577330410208452e-13,1
2719,3.4269924172878327e-06,2.5550941598149173e-06,7.602065713843063e-13,1
2720,3.4269924172878327e-06,2.5536758397950348e-06,7.626818445237341e-13,1
2721,3.4269924172878327e-06,2.552258827988891e-06,7.651588522478096e-13,1
2722,3.4269924172878327e-06,2.5508431227097117e-06,7.67637586389739e-13,1
2723,3.4269924172878327e-06,2.5494287222735166e-06,7.701180388071797e-13,1
2724,3.4269924172878327e-06,2.5480156249991117e-06,7.726002013821694e-13,1
2725,3.4269924172878327e-06,2.546603829208086e-06,7.750840660210498e-13,1
2726,3.4269924172878327e-06,2.5451933332248056e-06,7.775696246543936e-13,1
2727,3.4269924172878327e-06,2.543784135376407e-06,7.800568692369326e-13,1
2728,3.4269924172878327e-06,2.5423762339927926e-06,7.82545791747484e-13,1
2729,3.4269924172878327e-06,2.5409696274066228e-06,7.850363841888826e-13,1
2730,3.4269924172878327e-06,2.539564313953315e-06,7.875286385878992e-13,1
2731,3.4269924172878327e-06,2.538160291971033e-06,7.900225469951794e-13,1
2732,3.4269924172878327e-06,2.536757559800685e-06,7.925181014851624e-13,1
2733,3.4269924172878327e-06,2.5353561157859158e-06,7.950152941560173e-13,1
2734,3.4269924172878327e-06,2.5339559582731032e-06,7.975141171295666e-13,1
2735,3.4269924172878327e-06,2.532557085611351e-06,8.00014562551218e-13,1
2736,3.4269924172878327e-06,2.531159496152484e-06,8.025166225898915e-13,1
2737,3.4269924172878327e-06,2.529763188251043e-06,8.050202894379521e-13,1
2738,3.4269924172878327e-06,2.528368160264279e-06,8.075255553111341e-13,1
2739,3.4269924172878327e-06,2.5269744105521463e-06,8.10032412448478e-13,1
2740,3.4269924172878327e-06,2.5255819374773006e-06,8.125408531122538e-13,1
2741,3.4269924172878327e-06,2.5241907394050896e-06,8.150508695878962e-13,1
2742,3.4269924172878327e-06,2.5228008147035515e-06,8.175624541839307e-13,1
2743,3.4269924172878327e-06,2.521412161743404e-06,8.200755992319127e-13,1
2744,3.4269924172878327e-06,2.5200247788980463e-06,8.225902970863465e-13,1
2745,3.4269924172878327e-06,2.518638664543548e-06,8.251065401246254e-13,1
2746,3.4269924172878327e-06,2.5172538170586444e-06,8.276243207469629e-13,1
2747,3.4269924172878327e-06,2.5158702348247345e-06,8.301436313763191e-13,1
2748,3.4269924172878327e-06,2.5144879162258724e-06,8.326644644583371e-13,1
2749,3.4269924172878327e-06,2.5131068596487634e-06,8.351868124612726e-13,1
2750,3.4269924172878327e-06,2.511727063482759e-06,8.37710667875927e-13,1
2751,3.4269924172878327e-06,2.5103485261198484e-06,8.402360232155835e-13,1
2752,3.4269924172878327e-06,2.508971245954658e-06,8.42762871015934e-13,1
2753,3.4269924172878327e-06,2.5075952213844452e-06,8.452912038350118e-13,1
2754,3.4269924172878327e-06,2.5062204508090885e-06,8.478210142531336e-13,1
2755,3.4269924172878327e-06,2.504846932631087e-06,8.503522948728242e-13,1
2756,3.4269924172878327e-06,2.503474665255555e-06,8.528850383187514e-13,1
2757,3.4269924172878327e-06,2.5021036470902136e-06,8.554192372376643e-13,1
2758,3.4269924172878327e-06,2.5007338765453885e-06,8.579548842983221e-13,1
2759,3.4269924172878327e-06,2.4993653520340035e-06,8.604919721914318e-13,1
2760,3.4269924172878327e-06,2.4979980719715764e-06,8.630304936295797e-13,1
2761,3.4269924172878327e-06,2.4966320347762107e-06,8.655704413471716e-13,1
2762,3.4269924172878327e-06,2.495267238868595e-06,8.681118081003603e-13,1
2763,3.4269924172878327e-06,2.493903682671995e-06,8.706545866669855e-13,1
2764,3.4269924172878327e-06,2.4925413646122472e-06,8.731987698465097e-13,1
2765,3.4269924172878327e-06,2.491180283117758e-06,8.757443504599498e-13,1
2766,3.4269924172878327e-06,2.4898204366194944e-06,8.782913213498163e-13,1
2767,3.4269924172878327e-06,2.4884618235509815e-06,8.808396753800465e-13,1
2768,3.4269924172878327e-06,2.487104442348296e-06,8.833894054359435e-13,1
2769,3.4269924172878327e-06,2.485748291450061e-06,8.859405044241111e-13,1
2770,3.4269924172878327e-06,2.4843933692974427e-06,8.884929652723896e-13,1
2771,3.4269924172878327e-06,2.4830396743341442e-06,8.910467809297922e-13,1
2772,3.4269924172878327e-06,2.4816872050063993e-06,8.936019443664459e-13,1
2773,3.4269924172878327e-06,2.480335959762968e-06,8.961584485735255e-13,1
2774,3.4269924172878327e-06,2.4789859370551364e-06,8.987162865631857e-13,1
2775,3.4269924172878327e-06,2.477637135336702e-06,9.012754513685111e-13,1
2776,3.4269924172878327e-06,2.476289553063977e-06,9.038359360434433e-13,1
2777,3.4269924172878327e-06,2.4749431886957793e-06,9.063977336627239e-13,1
2778,3.4269924172878327e-06,2.47359804069343e-06,9.0896083732183e-13,1
2779,3.4269924172878327e-06,2.4722541075207454e-06,9.115252401369148e-13,1
2780,3.4269924172878327e-06,2.4709113876440346e-06,9.140909352447453e-13,1
2781,3.4269924172878327e-06,2.4695698795320944e-06,9.166579158026382e-13,1
2782,3.4269924172878327e-06,2.4682295816562015e-06,9.192261749884063e-13,1
2783,3.4269924172878327e-06,2.466890492490113e-06,9.21795706000286e-13,1
2784,3.4269924172878327e-06,2.4655526105100544e-06,9.243665020568917e-13,1
2785,3.4269924172878327e-06,2.4642159341947223e-06,9.269385563971382e-13,1
2786,3.4269924172878327e-06,2.4628804620252723e-06,9.295118622801972e-13,1
2787,3.4269924172878327e-06,2.4615461924853206e-06,9.320864129854228e-13,1
2788,3.4269924172878327e-06,2.4602131240609338e-06,9.346622018123023e-13,1
2789,3.4269924172878327e-06,2.4588812552406282e-06,9.372392220803886e-13,1
2790,3.4269924172878327e-06,2.4575505845153627e-06,9.398174671292457e-13,1
2791,3.4269924172878327e-06,2.4562211103785335e-06,9.423969303183888e-13,1
2792,3.4269924172878327e-06,2.454892831325971e-06,9.449776050272232e-13,1
2793,3.4269924172878327e-06,2.4535657458559347e-06,9.475594846549843e-13,1
2794,3.4269924172878327e-06,2.452239852469107e-06,9.501425626206843e-13,1
2795,3.4269924172878327e-06,2.4509151496685897e-06,9.527268323630474e-13,1
2796,3.4269924172878327e-06,2.449591635959899e-06,9.553122873404555e-13,1
2797,3.4269924172878327e-06,2.4482693098509605e-06,9.578989210308873e-13,1
2798,3.4269924172878327e-06,2.4469481698521054e-06,9.604867269318611e-13,1
2799,3.4269924172878327e-06,2.4456282144760634e-06,9.630756985603793e-13,1
2800,3.4269924172878327e-06,2.444309442237961e-06,9.656658294528668e-13,1
2801,3.4269924172878327e-06,2.442991851655315e-06,9.682571131651147e-13,1
2802,3.4269924172878327e-06,2.4416754412480278e-06,9.708495432722254e-13,1
2803,3.4269924172878327e-06,2.4403602095383825e-06,9.734431133685541e-13,1
2804,3.4269924172878327e-06,2.43904615505104e-06,9.760378170676492e-13,1
2805,3.4269924172878327e-06,2.4377332763130324e-06,9.786336480021998e-13,1
2806,3.4269924172878327e-06,2.4364215718537597e-06,9.81230599823974e-13,1
2807,3.4269924172878327e-06,2.4351110402049833e-06,9.838286662037697e-13,1
2808,3.4269924172878327e-06,2.433801679900823e-06,9.864278408313518e-13,1
2809,3.4269924172878327e-06,2.4324934894777533e-06,9.890281174153976e-13,1
2810,3.4269924172878327e-06,2.4311864674745954e-06,9.916294896834438e-13,1
2811,3.4269924172878327e-06,2.4298806124325156e-06,9.94231951381828e-13,1
2812,3.4269924172878327e-06,2.42857592289502e-06,9.968354962756335e-13,1
2813,3.4269924172878327e-06,2.427272397407949e-06,9.99440118148635e-13,1
2814,3.4269924172878327e-06,2.4259700345194735e-06,1.0020458108032433e-12,1
2815,3.4269924172878327e-06,2.4246688327800905e-06,1.0046525680604489e-12,1
2816,3.4269924172878327e-06,2.4233687907426184e-06,1.0072603837597679e-12,1
2817,3.4269924172878327e-06,2.4220699069621917e-06,1.009869251759188e-12,1
2818,3.4269924172878327e-06,2.4207721799962574e-06,1.012479165935114e-12,1
2819,3.4269924172878327e-06,2.4194756084045704e-06,1.015090120182312e-12,1
2820,3.4269924172878327e-06,2.4181801907491887e-06,1.0177021084138564e-12,1
2821,3.4269924172878327e-06,2.4168859255944682e-06,1.020315124561077e-12,1
2822,3.4269924172878327e-06,2.41559281150706e-06,1.0229291625735028e-12,1
2823,3.4269924172878327e-06,2.4143008470559047e-06,1.0255442164188078e-12,1
2824,3.4269924172878327e-06,2.413010030812228e-06,1.0281602800827622e-12,1
2825,3.4269924172878327e-06,2.4117203613495355e-06,1.0307773475691768e-12,1
2826,3.4269924172878327e-06,2.410431837243611e-06,1.0333954128998447e-12,1
2827,3.4269924172878327e-06,2.4091444570725083e-06,1.0360144701144965e-12,1
2828,3.4269924172878327e-06,2.40785821941655e-06,1.0386345132707427e-12,1
2829,3.4269924172878327e-06,2.4065731228583206e-06,1.0412555364440234e-12,1
2830,3.4269924172878327e-06,2.4052891659826646e-06,1.0438775337275515e-12,1
2831,3.4269924172878327e-06,2.4040063473766802e-06,1.0465004992322652e-12,1
2832,3.4269924172878327e-06,2.4027246656297147e-06,1.0491244270867762e-12,1
2833,3.4269924172878327e-06,2.4014441193333613e-06,1.0517493114373133e-12,1
2834,3.4269924172878327e-06,2.4001647070814552e-06,1.0543751464476723e-12,1
2835,3.4269924172878327e-06,2.3988864274700673e-06,1.057001926299167e-12,1
2836,3.4269924172878327e-06,2.397609279097501e-06,1.0596296451905752e-12,1
2837,3.4269924172878327e-06,2.3963332605642893e-06,1.0622582973380855e-12,1
2838,3.4269924172878327e-06,2.395058370473186e-06,1.064887876975253e-12,1
2839,3.4269924172878327e-06,2.393784607429168e-06,1.0675183783529388e-12,1
2840,3.4269924172878327e-06,2.3925119700394243e-06,1.0701497957392671e-12,1
2841,3.4269924172878327e-06,2.391240456913355e-06,1.0727821234195735e-12,1
2842,3.4269924172878327e-06,2.3899700666625695e-06,1.0754153556963462e-12,1
2843,3.4269924172878327e-06,2.3887007979008775e-06,1.0780494868891858e-12,1
2844,3.4269924172878327e-06,2.3874326492442847e-06,1.0806845113347553e-12,1
2845,3.4269924172878327e-06,2.3861656193109954e-06,1.0833204233867162e-12,1
2846,3.4269924172878327e-06,2.384899706721399e-06,1.0859572174156966e-12,1
2847,3.4269924172878327e-06,2.3836349100980726e-06,1.0885948878092303e-12,1
2848,3.4269924172878327e-06,2.382371228065773e-06,1.09123342897171e-12,1
2849,3.4269924172878327e-06,2.3811086592514347e-06,1.0938728353243388e-12,1
2850,3.4269924172878327e-06,2.379847202284165e-06,1.096513101305077e-12,1
2851,3.4269924172878327e-06,2.378586855795239e-06,1.099154221368601e-12,1
2852,3.4269924172878327e-06,2.3773276184180964e-06,1.1017961899862438e-12,1
2853,3.4269924172878327e-06,2.376069488788336e-06,1.1044390016459583e-12,1
2854,3.4269924172878327e-06,2.3748124655437146e-06,1.1070826508522546e-12,1
2855,3.4269924172878327e-06,2.373556547324138e-06,1.1097271321261663e-12,1
2856,3.4269924172878327e-06,2.372301732771662e-06,1.1123724400051888e-12,1
2857,3.4269924172878327e-06,2.3710480205304844e-06,1.1150185690432402e-12,1
2858,3.4269924172878327e-06,2.369795409246943e-06,1.1176655138106088e-12,1
2859,3.4269924172878327e-06,2.36854389756951e-06,1.1203132688939086e-12,1
2860,3.4269924172878327e-06,2.3672934841487897e-06,1.122961828896026e-12,1
2861,3.4269924172878327e-06,2.3660441676375123e-06,1.1256111884360786e-12,1
2862,3.4269924172878327e-06,2.364795946690532e-06,1.1282613421493625e-12,1
2863,3.4269924172878327e-06,2.3635488199648206e-06,1.1309122846873088e-12,1
2864,3.4269924172878327e-06,2.362302786119465e-06,1.1335640107174346e-12,1
2865,3.4269924172878327e-06,2.3610578438156633e-06,1.1362165149232957e-12,1
2866,3.4269924172878327e-06,2.35981399171672e-06,1.1388697920044385e-12,1
2867,3.4269924172878327e-06,2.3585712284880426e-06,1.1415238366763567e-12,1
2868,3.4269924172878327e-06,2.3573295527971346e-06,1.1441786436704456e-12,1
2869,3.4269924172878327e-06,2.356088963313597e-06,1.1468342077339478e-12,1
2870,3.4269924172878327e-06,2.354849458709119e-06,1.1494905236299174e-12,1
2871,3.4269924172878327e-06,2.353611037657479e-06,1.152147586137161e-12,1
2872,3.4269924172878327e-06,2.3523736988345348e-06,1.1548053900502083e-12,1
2873,3.4269924172878327e-06,2.351137440918224e-06,1.157463930179251e-12,1
2874,3.4269924172878327e-06,2.349902262588559e-06,1.1601232013501057e-12,1
2875,3.4269924172878327e-06,2.3486681625276215e-06,1.1627831984041649e-12,1
2876,3.4269924172878327e-06,2.3474351394195607e-06,1.1654439161983536e-12,1
2877,3.4269924172878327e-06,2.346203191950589e-06,1.1681053496050793e-12,1
2878,3.4269924172878327e-06,2.3449723188089755e-06,1.170767493512196e-12,1
2879,3.4269924172878327e-06,2.3437425186850455e-06,1.1734303428229488e-12,1
2880,3.4269924172878327e-06,2.3425137902711745e-06,1.176093892455936e-12,1
2881,3.4269924172878327e-06,2.3412861322617844e-06,1.1787581373450626e-12,1
2882,3.4269924172878327e-06,2.3400595433533408e-06,1.1814230724394941e-12,1
2883,3.4269924172878327e-06,2.3388340222443477e-06,1.184088692703613e-12,1
2884,3.4269924172878327e-06,2.3376095676353445e-06,1.1867549931169756e-12,1
2885,3.4269924172878327e-06,2.336386178228902e-06,1.1894219686742654e-12,1
2886,3.4269924172878327e-06,2.3351638527296175e-06,1.1920896143852527e-12,1
2887,3.4269924172878327e-06,2.333942589844113e-06,1.1947579252747458e-12,1
2888,3.4269924172878327e-06,2.3327223882810286e-06,1.1974268963825519e-12,1
2889,3.4269924172878327e-06,2.3315032467510215e-06,1.2000965227634306e-12,1
2890,3.4269924172878327e-06,2.3302851639667607e-06,1.20276679948705e-12,1
2891,3.4269924172878327e-06,2.3290681386429214e-06,1.2054377216379487e-12,1
2892,3.4269924172878327e-06,2.327852169496186e-06,1.208109284315482e-12,1
2893,3.4269924172878327e-06,2.3266372552452364e-06,1.2107814826337884e-12,1
2894,3.4269924172878327e-06,2.325423394610749e-06,1.2134543117217453e-12,1
2895,3.4269924172878327e-06,2.3242105863153946e-06,1.216127766722923e-12,1
2896,3.4269924172878327e-06,2.322998829083834e-06,1.2188018427955399e-12,1
2897,3.4269924172878327e-06,2.3217881216427125e-06,1.2214765351124263e-12,1
2898,3.4269924172878327e-06,2.3205784627206555e-06,1.2241518388609797e-12,1
2899,3.4269924172878327e-06,2.319369851048269e-06,1.226827749243117e-12,1
2900,3.4269924172878327e-06,2.318162285358129e-06,1.2295042614752444e-12,1
2901,3.4269924172878327e-06,2.316955764384786e-06,1.2321813707881992e-12,1
2902,3.4269924172878327e-06,2.3157502868647535e-06,1.2348590724272237e-12,1
2903,3.4269924172878327e-06,2.31454585153651e-06,1.2375373616519124e-12,1
2904,3.4269924172878327e-06,2.313342457140492e-06,1.2402162337361735e-12,1
2905,3.4269924172878327e-06,2.3121401024190914e-06,1.242895683968191e-12,1
2906,3.4269924172878327e-06,2.310938786116652e-06,1.2455757076503774e-12,1
2907,3.4269924172878327e-06,2.3097385069794642e-06,1.2482563000993399e-12,1
2908,3.4269924172878327e-06,2.3085392637557654e-06,1.2509374566458262e-12,1
2909,3.4269924172878327e-06,2.3073410551957305e-06,1.2536191726346996e-12,1
2910,3.4269924172878327e-06,2.3061438800514727e-06,1.256301443424888e-12,1
2911,3.4269924172878327e-06,2.3049477370770385e-06,1.2589842643893435e-12,1
2912,3.4269924172878327e-06,2.303752625028403e-06,1.2616676309150069e-12,1
2913,3.4269924172878327e-06,2.3025585426634686e-06,1.2643515384027602e-12,1
2914,3.4269924172878327e-06,2.3013654887420583e-06,1.267035982267394e-12,1
2915,3.4269924172878327e-06,2.3001734620259146e-06,1.2697209579375604e-12,1
2916,3.4269924172878327e-06,2.298982461278696e-06,1.2724064608557344e-12,1
2917,3.4269924172878327e-06,2.2977924852659696e-06,1.2750924864781801e-12,1
2918,3.4269924172878327e-06,2.2966035327552123e-06,1.2777790302749018e-12,1
2919,3.4269924172878327e-06,2.2954156025158055e-06,1.2804660877296067e-12,1
2920,3.4269924172878327e-06,2.2942286933190297e-06,1.2831536543396705e-12,1
2921,3.4269924172878327e-06,2.293042803938063e-06,1.2858417256160921e-12,1
2922,3.4269924172878327e-06,2.291857933147977e-06,1.2885302970834566e-12,1
2923,3.4269924172878327e-06,2.290674079725733e-06,1.2912193642798934e-12,1
2924,3.4269924172878327e-06,2.2894912424501794e-06,1.2939089227570415e-12,1
2925,3.4269924172878327e-06,2.288309420102045e-06,1.2965989680800085e-12,1
2926,3.4269924172878327e-06,2.28712861146394e-06,1.2992894958273287e-12,1
2927,3.4269924172878327e-06,2.2859488153203497e-06,1.3019805015909278e-12,1
2928,3.4269924172878327e-06,2.2847700304576316e-06,1.3046719809760815e-12,1
2929,3.4269924172878327e-06,2.2835922556640103e-06,1.3073639296013832e-12,1
2930,3.4269924172878327e-06,2.282415489729577e-06,1.3100563430986961e-12,1
2931,3.4269924172878327e-06,2.281239731446285e-06,1.3127492171131206e-12,1
2932,3.4269924172878327e-06,2.280064979607943e-06,1.3154425473029568e-12,1
2933,3.4269924172878327e-06,2.2788912330102184e-06,1.3181363293396605e-12,1
2934,3.4269924172878327e-06,2.277718490450625e-06,1.3208305589078152e-12,1
2935,3.4269924172878327e-06,2.2765467507285276e-06,1.3235252317050836e-12,1
2936,3.4269924172878327e-06,2.2753760126451334e-06,1.3262203434421773e-12,1
2937,3.4269924172878327e-06,2.2742062750034916e-06,1.328915889842813e-12,1
2938,3.4269924172878327e-06,2.2730375366084876e-06,1.3316118666436816e-12,1
2939,3.4269924172878327e-06,2.2718697962668407e-06,1.3343082695944062e-12,1
2940,3.4269924172878327e-06,2.2707030527871017e-06,1.3370050944575041e-12,1
2941,3.4269924172878327e-06,2.269537304979646e-06,1.3397023370083572e-12,1
2942,3.4269924172878327e-06,2.268372551656675e-06,1.3423999930351623e-12,1
2943,3.4269924172878327e-06,2.267208791632208e-06,1.3450980583389064e-12,1
2944,3.4269924172878327e-06,2.266046023722083e-06,1.3477965287333203e-12,1
2945,3.4269924172878327e-06,2.2648842467439502e-06,1.3504954000448494e-12,1
2946,3.4269924172878327e-06,2.263723459517269e-06,1.3531946681126132e-12,1
2947,3.4269924172878327e-06,2.262563660863308e-06,1.3558943287883653e-12,1
2948,3.4269924172878327e-06,2.261404849605135e-06,1.3585943779364676e-12,1
2949,3.4269924172878327e-06,2.2602470245676204e-06,1.3612948114338424e-12,1
2950,3.4269924172878327e-06,2.259090184577431e-06,1.3639956251699415e-12,1
2951,3.4269924172878327e-06,2.2579343284630242e-06,1.3666968150467138e-12,1
2952,3.4269924172878327e-06,2.2567794550546504e-06,1.3693983769785594e-12,1
2953,3.4269924172878327e-06,2.255625563184344e-06,1.3721003068923035e-12,1
2954,3.4269924172878327e-06,2.2544726516859232e-06,1.3748026007271566e-12,1
2955,3.4269924172878327e-06,2.253320719394986e-06,1.377505254434678e-12,1
2956,3.4269924172878327e-06,2.252169765148906e-06,1.3802082639787417e-12,1
2957,3.4269924172878327e-06,2.251019787786832e-06,1.3829116253354984e-12,1
2958,3.4269924172878327e-06,2.249870786149679e-06,1.3856153344933471e-12,1
2959,3.4269924172878327e-06,2.248722759080132e-06,1.3883193874528916e-12,1
2960,3.4269924172878327e-06,2.2475757054226383e-06,1.391023780226907e-12,1
2961,3.4269924172878327e-06,2.246429624023403e-06,1.3937285088403122e-12,1
2962,3.4269924172878327e-06,2.2452845137303905e-06,1.396433569330125e-12,1
2963,3.4269924172878327e-06,2.2441403733933173e-06,1.3991389577454327e-12,1
2964,3.4269924172878327e-06,2.2429972018636503e-06,1.401844670147356e-12,1
2965,3.4269924172878327e-06,2.2418549979946024e-06,1.404550702609018e-12,1
2966,3.4269924172878327e-06,2.240713760641132e-06,1.407257051215501e-12,1
2967,3.4269924172878327e-06,2.2395734886599353e-06,1.4099637120638237e-12,1
2968,3.4269924172878327e-06,2.2384341809094486e-06,1.4126706812628947e-12,1
2969,3.4269924172878327e-06,2.2372958362498403e-06,1.4153779549334883e-12,1
2970,3.4269924172878327e-06,2.236158453543009e-06,1.4180855292082082e-12,1
2971,3.4269924172878327e-06,2.2350220316525827e-06,1.4207934002314466e-12,1
2972,3.4269924172878327e-06,2.233886569443912e-06,1.4235015641593609e-12,1
2973,3.4269924172878327e-06,2.232752065784069e-06,1.4262100171598334e-12,1
2974,3.4269924172878327e-06,2.2316185195418443e-06,1.4289187554124366e-12,1
2975,3.4269924172878327e-06,2.230485929587743e-06,1.4316277751084044e-12,1
2976,3.4269924172878327e-06,2.2293542947939814e-06,1.4343370724505973e-12,1
2977,3.4269924172878327e-06,2.228223614034484e-06,1.4370466436534657e-12,1
2978,3.4269924172878327e-06,2.2270938861848818e-06,1.4397564849430192e-12,1
2979,3.4269924172878327e-06,2.2259651101225066e-06,1.4424665925567945e-12,1
2980,3.4269924172878327e-06,2.2248372847263896e-06,1.4451769627438207e-12,1
2981,3.4269924172878327e-06,2.2237104088772572e-06,1.4478875917645882e-12,1
2982,3.4269924172878327e-06,2.222584481457529e-06,1.4505984758910127e-12,1
2983,3.4269924172878327e-06,2.221459501351315e-06,1.4533096114064026e-12,1
2984,3.4269924172878327e-06,2.2203354674444104e-06,1.4560209946054312e-12,1
2985,3.4269924172878327e-06,2.2192123786242934e-06,1.4587326217941005e-12,1
2986,3.4269924172878327e-06,2.218090233780123e-06,1.4614444892897085e-12,1
2987,3.4269924172878327e-06,2.2169690318027358e-06,1.4641565934208154e-12,1
2988,3.4269924172878327e-06,2.215848771584642e-06,1.4668689305272158e-12,1
2989,3.4269924172878327e-06,2.2147294520200216e-06,1.4695814969599062e-12,1
2990,3.4269924172878327e-06,2.2136110720047245e-06,1.4722942890810453e-12,1
2991,3.4269924172878327e-06,2.2124936304362634e-06,1.4750073032639334e-12,1
2992,3.4269924172878327e-06,2.2113771262138144e-06,1.4777205358929704e-12,1
2993,3.4269924172878327e-06,2.2102615582382106e-06,1.4804339833636313e-12,1
2994,3.4269924172878327e-06,2.209146925411942e-06,1.4831476420824306e-12,1
2995,3.4269924172878327e-06,2.2080332266391502e-06,1.485861508466891e-12,1
2996,3.4269924172878327e-06,2.2069204608256273e-06,1.4885755789455138e-12,1
2997,3.4269924172878327e-06,2.2058086268788105e-06,1.4912898499577467e-12,1
2998,3.4269924172878327e-06,2.204697723707782e-06,1.4940043179539497e-12,1
2999,3.4269924172878327e-06,2.2035877502232633e-06,1.49671897939537e-12,1
3000,3.4269924172878327e-06,2.2024787053376136e-06,1.4994338307541042e-12,1
3001,3.4269924172878327e-06,2.2013705879648268e-06,1.5021488685130715e-12,1
3002,3.4269924172878327e-06,2.2002633970205274e-06,1.5048640891659826e-12,1
3003,3.4269924172878327e-06,2.19915713142197e-06,1.5075794892173051e-12,1
3004,3.4269924172878327e-06,2.1980517900880317e-06,1.5102950651822403e-12,1
3005,3.4269924172878327e-06,2.196947371939216e-06,1.5130108135866804e-12,1
3006,3.4269924172878327e-06,2.195843875897642e-06,1.5157267309671937e-12,1
3007,3.4269924172878327e-06,2.1947413008870483e-06,1.5184428138709795e-12,1
3008,3.4269924172878327e-06,2.1936396458327843e-06,1.5211590588558488e-12,1
3009,3.4269924172878327e-06,2.1925389096618124e-06,1.5238754624901849e-12,1
3010,3.4269924172878327e-06,2.1914390913027015e-06,1.5265920213529197e-12,1
3011,3.4269924172878327e-06,2.1903401896856257e-06,1.5293087320335007e-12,1
3012,3.4269924172878327e-06,2.1892422037423596e-06,1.5320255911318643e-12,1
3013,3.4269924172878327e-06,2.1881451324062786e-06,1.5347425952583984e-12,1
3014,3.4269924172878327e-06,2.187048974612353e-06,1.5374597410339202e-12,1
3015,3.4269924172878327e-06,2.185953729297145e-06,1.540177025089647e-12,1
3016,3.4269924172878327e-06,2.184859395398809e-06,1.5428944440671574e-12,1
3017,3.4269924172878327e-06,2.1837659718570848e-06,1.5456119946183725e-12,1
3018,3.4269924172878327e-06,2.182673457613298e-06,1.5483296734055162e-12,1
3019,3.4269924172878327e-06,2.181581851610354e-06,1.5510474771010972e-12,1
3020,3.4269924172878327e-06,2.1804911527927384e-06,1.5537654023878692e-12,1
3021,3.4269924172878327e-06,2.1794013601065103e-06,1.5564834459588097e-12,1
3022,3.4269924172878327e-06,2.1783124724993042e-06,1.5592016045170824e-12,1
3023,3.4269924172878327e-06,2.177224488920322e-06,1.5619198747760192e-12,1
3024,3.4269924172878327e-06,2.1761374083203347e-06,1.5646382534590794e-12,1
3025,3.4269924172878327e-06,2.1750512296516755e-06,1.5673567372998316e-12,1
3026,3.4269924172878327e-06,2.1739659518682406e-06,1.5700753230419161e-12,1
3027,3.4269924172878327e-06,2.172881573925484e-06,1.572794007439022e-12,1
3028,3.4269924172878327e-06,2.1717980947804153e-06,1.5755127872548547e-12,1
3029,3.4269924172878327e-06,2.1707155133915965e-06,1.578231659263113e-12,1
3030,3.4269924172878327e-06,2.1696338287191406e-06,1.5809506202474536e-12,1
3031,3.4269924172878327e-06,2.168553039724707e-06,1.5836696670014675e-12,1
3032,3.4269924172878327e-06,2.1674731453715e-06,1.5863887963286487e-12,1
3033,3.4269924172878327e-06,2.1663941446242646e-06,1.5891080050423716e-12,1
3034,3.4269924172878327e-06,2.165316036449286e-06,1.591827289965853e-12,1
3035,3.4269924172878327e-06,2.164238819814384e-06,1.5945466479321367e-12,1
3036,3.4269924172878327e-06,2.163162493688912e-06,1.597266075784054e-12,1
3037,3.4269924172878327e-06,2.162087057043754e-06,1.5999855703742029e-12,1
3038,3.4269924172878327e-06,2.1610125088513213e-06,1.602705128564918e-12,1
3039,3.4269924172878327e-06,2.159938848085551e-06,1.6054247472282415e-12,1
3040,3.4269924172878327e-06,2.158866073721901e-06,1.6081444232458993e-12,1
3041,3.4269924172878327e-06,2.157794184737349e-06,1.6108641535092718e-12,1
3042,3.4269924172878327e-06,2.15672318011039e-06,1.6135839349193626e-12,1
3043,3.4269924172878327e-06,2.1556530588210317e-06,1.616303764386777e-12,1
3044,3.4269924172878327e-06,2.1545838198507933e-06,1.6190236388316937e-12,1
3045,3.4269924172878327e-06,2.1535154621827027e-06,1.6217435551838334e-12,1
3046,3.4269924172878327e-06,2.1524479848012935e-06,1.6244635103824343e-12,1
3047,3.4269924172878327e-06,2.1513813866926014e-06,1.6271835013762281e-12,1
3048,3.4269924172878327e-06,2.150315666844163e-06,1.629903525123408e-12,1
3049,3.4269924172878327e-06,2.149250824245012e-06,1.632623578591605e-12,1
3050,3.4269924172878327e-06,2.1481868578856777e-06,1.6353436587578586e-12,1
3051,3.4269924172878327e-06,2.147123766758181e-06,1.6380637626085914e-12,1
3052,3.4269924172878327e-06,2.146061549856031e-06,1.6407838871395884e-12,1
3053,3.4269924172878327e-06,2.1450002061742253e-06,1.6435040293559562e-12,1
3054,3.4269924172878327e-06,2.1439397347092443e-06,1.646224186272112e-12,1
3055,3.4269924172878327e-06,2.1428801344590508e-06,1.6489443549117457e-12,1
3056,3.4269924172878327e-06,2.1418214044230846e-06,1.6516645323078025e-12,1
3057,3.4269924172878327e-06,2.140763543602264e-06,1.6543847155024465e-12,1
3058,3.4269924172878327e-06,2.1397065509989787e-06,1.6571049015470453e-12,1
3059,3.4269924172878327e-06,2.138650425617089e-06,1.6598250875021388e-12,1
3060,3.4269924172878327e-06,2.137595166461924e-06,1.6625452704374112e-12,1
3061,3.4269924172878327e-06,2.1365407725402786e-06,1.6652654474316676e-12,1
3062,3.4269924172878327e-06,2.1354872428604104e-06,1.6679856155728065e-12,1
3063,3.4269924172878327e-06,2.134434576432035e-06,1.6707057719578016e-12,1
3064,3.4269924172878327e-06,2.1333827722663287e-06,1.6734259136926615e-12,1
3065,3.4269924172878327e-06,2.1323318293759196e-06,1.6761460378924203e-12,1
3066,3.4269924172878327e-06,2.131281746774892e-06,1.6788661416810946e-12,1
3067,3.4269924172878327e-06,2.1302325234787747e-06,1.6815862221916796e-12,1
3068,3.4269924172878327e-06,2.129184158504548e-06,1.684306276566101e-12,1
3069,3.4269924172878327e-06,2.1281366508706357e-06,1.6870263019552042e-12,1
3070,3.4269924172878327e-06,2.127089999596901e-06,1.6897462955187297e-12,1
3071,3.4269924172878327e-06,2.126044203704649e-06,1.6924662544252773e-12,1
3072,3.4269924172878327e-06,2.1249992622166203e-06,1.6951861758522903e-12,1
3073,3.4269924172878327e-06,2.123955174156991e-06,1.6979060569860245e-12,1
3074,3.4269924172878327e-06,2.1229119385513667e-06,1.7006258950215303e-12,1
3075,3.4269924172878327e-06,2.1218695544267833e-06,1.7033456871626215e-12,1
3076,3.4269924172878327e-06,2.1208280208117033e-06,1.7060654306218515e-12,1
3077,3.4269924172878327e-06,2.119787336736012e-06,1.7087851226204916e-12,1
3078,3.4269924172878327e-06,2.118747501231017e-06,1.7115047603885042e-12,1
3079,3.4269924172878327e-06,2.117708513329445e-06,1.7142243411645168e-12,1
3080,3.4269924172878327e-06,2.116670372065437e-06,1.7169438621958015e-12,1
3081,3.4269924172878327e-06,2.1156330764745505e-06,1.7196633207382462e-12,1
3082,3.4269924172878327e-06,2.1145966255937514e-06,1.7223827140563344e-12,1
3083,3.4269924172878327e-06,2.1135610184614163e-06,1.7251020394231167e-12,1
3084,3.4269924172878327e-06,2.112526254117327e-06,1.7278212941201903e-12,1
3085,3.4269924172878327e-06,2.1114923316026697e-06,1.7305404754376711e-12,1
3086,3.4269924172878327e-06,2.1104592499600308e-06,1.733259580674174e-12,1
3087,3.4269924172878327e-06,2.109427008233395e-06,1.7359786071367875e-12,1
3088,3.4269924172878327e-06,2.1083956054681454e-06,1.7386975521410438e-12,1
3089,3.4269924172878327e-06,2.107365040711056e-06,1.7414164130109062e-12,1
3090,3.4269924172878327e-06,2.106335313010294e-06,1.7441351870787334e-12,1
3091,3.4269924172878327e-06,2.105306421415414e-06,1.746853871685267e-12,1
3092,3.4269924172878327e-06,2.1042783649773572e-06,1.7495724641795993e-12,1
3093,3.4269924172878327e-06,2.1032511427484483e-06,1.7522909619191538e-12,1
3094,3.4269924172878327e-06,2.102224753782395e-06,1.755009362269657e-12,1
3095,3.4269924172878327e-06,2.101199197134281e-06,1.7577276626051245e-12,1
3096,3.4269924172878327e-06,2.100174471860568e-06,1.7604458603078275e-12,1
3097,3.4269924172878327e-06,2.099150577019092e-06,1.7631639527682758e-12,1
3098,3.4269924172878327e-06,2.0981275116690597e-06,1.7658819373851904e-12,1
3099,3.4269924172878327e-06,2.097105274871046e-06,1.7685998115654867e-12,1
3100,3.4269924172878327e-06,2.0960838656869945e-06,1.771317572724241e-12,1
3101,3.4269924172878327e-06,2.0950632831802117e-06,1.774035218284677e-12,1
3102,3.4269924172878327e-06,2.0940435264153654e-06,1.7767527456781407e-12,1
3103,3.4269924172878327e-06,2.093024594458484e-06,1.779470152344073e-12,1
3104,3.4269924172878327e-06,2.0920064863769513e-06,1.7821874357299925e-12,1
3105,3.4269924172878327e-06,2.090989201239507e-06,1.784904593291469e-12,1
3106,3.4269924172878327e-06,2.0899727381162425e-06,1.787621622492102e-12,1
3107,3.4269924172878327e-06,2.0889570960785988e-06,1.7903385208034979e-12,1
3108,3.4269924172878327e-06,2.087942274199364e-06,1.793055285705249e-12,1
3109,3.4269924172878327e-06,2.0869282715526713e-06,1.795771914684908e-12,1
3110,3.4269924172878327e-06,2.0859150872139957e-06,1.7984884052379712e-12,1
3111,3.4269924172878327e-06,2.084902720260154e-06,1.801204754867846e-12,1
3112,3.4269924172878327e-06,2.0838911697693004e-06,1.8039209610858376e-12,1
3113,3.4269924172878327e-06,2.082880434820923e-06,1.8066370214111258e-12,1
3114,3.4269924172878327e-06,2.081870514495844e-06,1.80935293337074e-12,1
3115,3.4269924172878327e-06,2.0808614078762176e-06,1.8120686944995337e-12,1
3116,3.4269924172878327e-06,2.0798531140455235e-06,1.8147843023401743e-12,1
3117,3.4269924172878327e-06,2.07884563208857e-06,1.8174997544431073e-12,1
3118,3.4269924172878327e-06,2.0778389610914876e-06,1.8202150483665433e-12,1
3119,3.4269924172878327e-06,2.0768331001417285e-06,1.8229301816764343e-12,1
3120,3.4269924172878327e-06,2.075828048328064e-06,1.8256451519464497e-12,1
3121,3.4269924172878327e-06,2.0748238047405825e-06,1.828359956757956e-12,1
3122,3.4269924172878327e-06,2.0738203684706858e-06,1.831074593699995e-12,1
3123,3.4269924172878327e-06,2.072817738611088e-06,1.833789060369264e-12,1
3124,3.4269924172878327e-06,2.0718159142558134e-06,1.8365033543700925e-12,1
3125,3.4269924172878327e-06,2.070814894500194e-06,1.8392174733144164e-12,1
3126,3.4269924172878327e-06,2.0698146784408647e-06,1.8419314148217688e-12,1
3127,3.4269924172878327e-06,2.0688152651757663e-06,1.844645176519243e-12,1
3128,3.4269924172878327e-06,2.0678166538041376e-06,1.8473587560414857e-12,1
3129,3.4269924172878327e-06,2.066818843426517e-06,1.8500721510306634e-12,1
3130,3.4269924172878327e-06,2.0658218331447385e-06,1.852785359136452e-12,1
3131,3.4269924172878327e-06,2.0648256220619292e-06,1.8554983780160085e-12,1
3132,3.4269924172878327e-06,2.063830209282508e-06,1.8582112053339517e-12,1
3133,3.4269924172878327e-06,2.062835593912184e-06,1.860923838762341e-12,1
3134,3.4269924172878327e-06,2.061841775057951e-06,1.8636362759806588e-12,1
3135,3.4269924172878327e-06,2.060848751828089e-06,1.8663485146757847e-12,1
3136,3.4269924172878327e-06,2.0598565233321584e-06,1.869060552541981e-12,1
3137,3.4269924172878327e-06,2.0588650886810025e-06,1.8717723872808613e-12,1
3138,3.4269924172878327e-06,2.0578744469867405e-06,1.8744840166013822e-12,1
3139,3.4269924172878327e-06,2.0568845973627674e-06,1.877195438219815e-12,1
3140,3.4269924172878327e-06,2.0558955389237515e-06,1.879906649859728e-12,1
3141,3.4269924172878327e-06,2.054907270785633e-06,1.8826176492519623e-12,1
3142,3.4269924172878327e-06,2.05391979206562e-06,1.8853284341346196e-12,1
3143,3.4269924172878327e-06,2.0529331018821873e-06,1.8880390022530307e-12,1
3144,3.4269924172878327e-06,2.0519471993550754e-06,1.890749351359744e-12,1
3145,3.4269924172878327e-06,2.050962083605285e-06,1.893459479214504e-12,1
3146,3.4269924172878327e-06,2.0499777537550777e-06,1.8961693835842264e-12,1
3147,3.4269924172878327e-06,2.048994208927975e-06,1.898879062242978e-12,1
3148,3.4269924172878327e-06,2.0480114482487496e-06,1.901588512971969e-12,1
3149,3.4269924172878327e-06,2.047029470843432e-06,1.9042977335595125e-12,1
3150,3.4269924172878327e-06,2.0460482758393002e-06,1.9070067218010245e-12,1
3151,3.4269924172878327e-06,2.0450678623648846e-06,1.909715475498988e-12,1
3152,3.4269924172878327e-06,2.044088229549959e-06,1.9124239924629483e-12,1
3153,3.4269924172878327e-06,2.0431093765255455e-06,1.915132270509474e-12,1
3154,3.4269924172878327e-06,2.042131302423906e-06,1.9178403074621583e-12,1
3155,3.4269924172878327e-06,2.041154006378543e-06,1.920548101151585e-12,1
3156,3.4269924172878327e-06,2.0401774875241983e-06,1.923255649415314e-12,1
3157,3.4269924172878327e-06,2.0392017449968492e-06,1.92596295009786e-12,1
3158,3.4269924172878327e-06,2.0382267779337063e-06,1.9286700010506754e-12,1
3159,3.4269924172878327e-06,2.037252585473212e-06,1.93137680013213e-12,1
3160,3.4269924172878327e-06,2.0362791667550396e-06,1.9340833452074873e-12,1
3161,3.4269924172878327e-06,2.0353065209200876e-06,1.9367896341488943e-12,1
3162,3.4269924172878327e-06,2.0343346471104816e-06,1.9394956648353517e-12,1
3163,3.4269924172878327e-06,2.033363544469569e-06,1.942201435152704e-12,1
3164,3.4269924172878327e-06,2.0323932121419184e-06,1.9449069429936157e-12,1
3165,3.4269924172878327e-06,2.0314236492733183e-06,1.9476121862575493e-12,1
3166,3.4269924172878327e-06,2.0304548550107735e-06,1.950317162850751e-12,1
3167,3.4269924172878327e-06,2.029486828502502e-06,1.9530218706862333e-12,1
3168,3.4269924172878327e-06,2.0285195688979366e-06,1.955726307683749e-12,1
3169,3.4269924172878327e-06,2.0275530753477185e-06,1.9584304717697798e-12,1
3170,3.4269924172878327e-06,2.026587347003698e-06,1.9611343608775125e-12,1
3171,3.4269924172878327e-06,2.0256223830189326e-06,1.9638379729468185e-12,1
3172,3.4269924172878327e-06,2.0246581825476818e-06,1.9665413059242447e-12,1
3173,3.4269924172878327e-06,2.0236947447454087e-06,1.969244357762984e-12,1
3174,3.4269924172878327e-06,2.022732068768776e-06,1.9719471264228628e-12,1
3175,3.4269924172878327e-06,2.021770153775644e-06,1.974649609870319e-12,1
3176,3.4269924172878327e-06,2.0208089989250693e-06,1.9773518060783866e-12,1
3177,3.4269924172878327e-06,2.0198486033773014e-06,1.9800537130266757e-12,1
3178,3.4269924172878327e-06,2.018888966293781e-06,1.982755328701358e-12,1
3179,3.4269924172878327e-06,2.0179300868371403e-06,1.9854566510951362e-12,1
3180,3.4269924172878327e-06,2.0169719641711975e-06,1.988157678207241e-12,1
3181,3.4269924172878327e-06,2.0160145974609563e-06,1.990858408043405e-12,1
3182,3.4269924172878327e-06,2.0150579858726044e-06,1.993558838615844e-12,1
3183,3.4269924172878327e-06,2.0141021285735103e-06,1.996258967943241e-12,1
3184,3.4269924172878327e-06,2.013147024732222e-06,1.9989587940507287e-12,1
3185,3.4269924172878327e-06,2.0121926735184646e-06,2.0016583149698696e-12,1
3186,3.4269924172878327e-06,2.0112390741031385e-06,2.0043575287386386e-12,1
3187,3.4269924172878327e-06,2.0102862256583178e-06,2.0070564334014038e-12,1
3188,3.4269924172878327e-06,2.009334127357247e-06,2.0097550270089128e-12,1
3189,3.4269924172878327e-06,2.00838277837434e-06,2.0124533076182703e-12,1
3190,3.4269924172878327e-06,2.007432177885178e-06,2.0151512732929224e-12,1
3191,3.4269924172878327e-06,2.006482325066507e-06,2.0178489221026397e-12,1
3192,3.4269924172878327e-06,2.005533219096236e-06,2.0205462521234968e-12,1
3193,3.4269924172878327e-06,2.004584859153436e-06,2.0232432614378573e-12,1
3194,3.4269924172878327e-06,2.0036372444183358e-06,2.0259399481343556e-12,1
3195,3.4269924172878327e-06,2.0026903740723217e-06,2.0286363103078793e-12,1
3196,3.4269924172878327e-06,2.0017442472979357e-06,2.0313323460595504e-12,1
3197,3.4269924172878327e-06,2.0007988632788727e-06,2.0340280534967086e-12,1
3198,3.4269924172878327e-06,1.9998542211999777e-06,2.036723430732897e-12,1
3199,3.4269924172878327e-06,1.998910320247246e-06,2.039418475887839e-12,1
3200,3.4269924172878327e-06,1.9979671596078196e-06,2.042113187087428e-12,1
3201,3.4269924172878327e-06,1.997024738469986e-06,2.044807562463701e-12,1
3202,3.4269924172878327e-06,1.996083056023175e-06,2.0475016001548306e-12,1
3203,3.4269924172878327e-06,1.9951421114579583e-06,2.050195298305105e-12,1
3204,3.4269924172878327e-06,1.9942019039660476e-06,2.0528886550649046e-12,1
3205,3.4269924172878327e-06,1.9932624327402904e-06,2.055581668590696e-12,1
3206,3.4269924172878327e-06,1.9923236969746706e-06,2.058274337045006e-12,1
3207,3.4269924172878327e-06,1.991385695864305e-06,2.060966658596411e-12,1
3208,3.4269924172878327e-06,1.9904484286054417e-06,2.0636586314195134e-12,1
3209,3.4269924172878327e-06,1.9895118943954597e-06,2.0663502536949303e-12,1
3210,3.4269924172878327e-06,1.9885760924328635e-06,2.0690415236092762e-12,1
3211,3.4269924172878327e-06,1.9876410219172853e-06,2.071732439355142e-12,1
3212,3.4269924172878327e-06,1.986706682049479e-06,2.0744229991310856e-12,1
3213,3.4269924172878327e-06,1.985773072031322e-06,2.077113201141606e-12,1
3214,3.4269924172878327e-06,1.9848401910658105e-06,2.0798030435971348e-12,1
3215,3.4269924172878327e-06,1.9839080383570594e-06,2.0824925247140154e-12,1
3216,3.4269924172878327e-06,1.9829766131102994e-06,2.085181642714488e-12,1
3217,3.4269924172878327e-06,1.982045914531875e-06,2.087870395826673e-12,1
3218,3.4269924172878327e-06,1.981115941829242e-06,2.090558782284557e-12,1
3219,3.4269924172878327e-06,1.980186694210969e-06,2.093246800327966e-12,1
3220,3.4269924172878327e-06,1.9792581708867316e-06,2.095934448202564e-12,1
3221,3.4269924172878327e-06,1.978330371067311e-06,2.098621724159829e-12,1
3222,3.4269924172878327e-06,1.9774032939645955e-06,2.1013086264570315e-12,1
3223,3.4269924172878327e-06,1.9764769387915727e-06,2.103995153357234e-12,1
3224,3.4269924172878327e-06,1.9755513047623336e-06,2.1066813031292586e-12,1
3225,3.4269924172878327e-06,1.9746263910920685e-06,2.109367074047675e-12,1
3226,3.4269924172878327e-06,1.9737021969970617e-06,2.1120524643927975e-12,1
3227,3.4269924172878327e-06,1.9727787216946972e-06,2.1147374724506444e-12,1
3228,3.4269924172878327e-06,1.971855964403448e-06,2.1174220965129487e-12,1
3229,3.4269924172878327e-06,1.970933924342882e-06,2.1201063348771204e-12,1
3230,3.4269924172878327e-06,1.9700126007336544e-06,2.1227901858462472e-12,1
3231,3.4269924172878327e-06,1.96909199279751e-06,2.125473647729063e-12,1
3232,3.4269924172878327e-06,1.968172099757277e-06,2.128156718839952e-12,1
3233,3.4269924172878327e-06,1.96725292083687e-06,2.1308393974989103e-12,1
3234,3.4269924172878327e-06,1.9663344552612854e-06,2.1335216820315467e-12,1
3235,3.4269924172878327e-06,1.965416702256599e-06,2.1362035707690622e-12,1
3236,3.4269924172878327e-06,1.964499661049966e-06,2.138885062048232e-12,1
3237,3.4269924172878327e-06,1.963583330869618e-06,2.141566154211394e-12,1
3238,3.4269924172878327e-06,1.962667710944861e-06,2.1442468456064307e-12,1
3239,3.4269924172878327e-06,1.9617528005060745e-06,2.1469271345867535e-12,1
3240,3.4269924172878327e-06,1.9608385987847104e-06,2.1496070195112867e-12,1
3241,3.4269924172878327e-06,1.9599251050132874e-06,2.152286498744458e-12,1
3242,3.4269924172878327e-06,1.9590123184253937e-06,2.154965570656176e-12,1
3243,3.4269924172878327e-06,1.9581002382556826e-06,2.1576442336218183e-12,1
3244,3.4269924172878327e-06,1.957188863739872e-06,2.1603224860222132e-12,1
3245,3.4269924172878327e-06,1.9562781941147405e-06,2.1630003262436323e-12,1
3246,3.4269924172878327e-06,1.9553682286181285e-06,2.165677752677765e-12,1
3247,3.4269924172878327e-06,1.954458966488934e-06,2.168354763721712e-12,1
3248,3.4269924172878327e-06,1.953550406967113e-06,2.1710313577779634e-12,1
3249,3.4269924172878327e-06,1.952642549293675e-06,2.17370753325439e-12,1
3250,3.4269924172878327e-06,1.9517353927106826e-06,2.176383288564226e-12,1
3251,3.4269924172878327e-06,1.9508289364612513e-06,2.179058622126049e-12,1
3252,3.4269924172878327e-06,1.949923179789545e-06,2.1817335323637733e-12,1
3253,3.4269924172878327e-06,1.9490181219407757e-06,2.18440801770663e-12,1
3254,3.4269924172878327e-06,1.948113762161201e-06,2.1870820765891545e-12,1
3255,3.4269924172878327e-06,1.947210099698124e-06,2.1897557074511687e-12,1
3256,3.4269924172878327e-06,1.94630713379989e-06,2.1924289087377697e-12,1
3257,3.4269924172878327e-06,1.9454048637158826e-06,2.195101678899316e-12,1
3258,3.4269924172878327e-06,1.9445032886965286e-06,2.1977740163914043e-12,1
3259,3.4269924172878327e-06,1.9436024079932883e-06,2.2004459196748685e-12,1
3260,3.4269924172878327e-06,1.9427022208586594e-06,2.2031173872157537e-12,1
3261,3.4269924172878327e-06,1.9418027265461733e-06,2.2057884174853056e-12,1
3262,3.4269924172878327e-06,1.940903924310392e-06,2.208459008959961e-12,1
3263,3.4269924172878327e-06,1.94000581340691e-06,2.2111291601213206e-12,1
3264,3.4269924172878327e-06,1.9391083930923482e-06,2.213798869456149e-12,1
3265,3.4269924172878327e-06,1.9382116626243553e-06,2.2164681354563532e-12,1
3266,3.4269924172878327e-06,1.9373156212616043e-06,2.2191369566189692e-12,1
3267,3.4269924172878327e-06,1.9364202682637928e-06,2.2218053314461445e-12,1
3268,3.4269924172878327e-06,1.9355256028916384e-06,2.224473258445132e-12,1
3269,3.4269924172878327e-06,1.93463162440688e-06,2.227140736128266e-12,1
3270,3.4269924172878327e-06,1.9337383320722734e-06,2.2298077630129567e-12,1
3271,3.4269924172878327e-06,1.9328457251515915e-06,2.2324743376216716e-12,1
3272,3.4269924172878327e-06,1.931953802909622e-06,2.2351404584819197e-12,1
3273,3.4269924172878327e-06,1.9310625646121657e-06,2.2378061241262427e-12,1
3274,3.4269924172878327e-06,1.930172009526033e-06,2.2404713330922e-12,1
3275,3.4269924172878327e-06,1.929282136919047e-06,2.2431360839223463e-12,1
3276,3.4269924172878327e-06,1.9283929460600365e-06,2.2458003751642303e-12,1
3277,3.4269924172878327e-06,1.927504436218836e-06,2.2484642053703763e-12,1
3278,3.4269924172878327e-06,1.9266166066662865e-06,2.251127573098262e-12,1
3279,3.4269924172878327e-06,1.9257294566742303e-06,2.2537904769103184e-12,1
3280,3.4269924172878327e-06,1.924842985515511e-06,2.2564529153739084e-12,1
3281,3.4269924172878327e-06,1.9239571924639736e-06,2.2591148870613088e-12,1
3282,3.4269924172878327e-06,1.9230720767944574e-06,2.26177639054971e-12,1
3283,3.4269924172878327e-06,1.9221876377828007e-06,2.264437424421188e-12,1
3284,3.4269924172878327e-06,1.9213038747058347e-06,2.2670979872627013e-12,1
3285,3.4269924172878327e-06,1.9204207868413846e-06,2.269758077666069e-12,1
3286,3.4269924172878327e-06,1.9195383734682654e-06,2.272417694227966e-12,1
3287,3.4269924172878327e-06,1.9186566338662823e-06,2.275076835549902e-12,1
3288,3.4269924172878327e-06,1.917775567316228e-06,2.2777355002382132e-12,1
3289,3.4269924172878327e-06,1.9168951730998813e-06,2.2803936869040453e-12,1
3290,3.4269924172878327e-06,1.916015450500006e-06,2.2830513941633414e-12,1
3291,3.4269924172878327e-06,1.9151363988003485e-06,2.2857086206368282e-12,1
3292,3.4269924172878327e-06,1.9142580172856357e-06,2.288365364950007e-12,1
3293,3.4269924172878327e-06,1.913380305241575e-06,2.2910216257331334e-12,1
3294,3.4269924172878327e-06,1.9125032619548507e-06,2.2936774016212095e-12,1
3295,3.4269924172878327e-06,1.911626886713124e-06,2.296332691253968e-12,1
3296,3.4269924172878327e-06,1.9107511788050312e-06,2.2989874932758596e-12,1
3297,3.4269924172878327e-06,1.909876137520181e-06,2.3016418063360396e-12,1
3298,3.4269924172878327e-06,1.9090017621491533e-06,2.3042956290883572e-12,1
3299,3.4269924172878327e-06,1.9081280519834982e-06,2.3069489601913387e-12,1
3300,3.4269924172878327e-06,1.9072550063157332e-06,2.30960179830818e-12,1
3301,3.4269924172878327e-06,1.9063826244393436e-06,2.3122541421067247e-12,1
3302,3.4269924172878327e-06,1.9055109056487786e-06,2.314905990259461e-12,1
3303,3.4269924172878327e-06,1.904639849239451e-06,2.317557341443502e-12,1
3304,3.4269924172878327e-06,1.9037694545077353e-06,2.320208194340578e-12,1
3305,3.4269924172878327e-06,1.9028997207509664e-06,2.3228585476370164e-12,1
3306,3.4269924172878327e-06,1.9020306472674367e-06,2.325508400023739e-12,1
3307,3.4269924172878327e-06,1.9011622333563965e-06,2.3281577501962405e-12,1
3308,3.4269924172878327e-06,1.9002944783180513e-06,2.3308065968545786e-12,1
3309,3.4269924172878327e-06,1.8994273814535598e-06,2.3334549387033636e-12,1
3310,3.4269924172878327e-06,1.8985609420650332e-06,2.3361027744517433e-12,1
3311,3.4269924172878327e-06,1.8976951594555332e-06,2.3387501028133907e-12,1
3312,3.4269924172878327e-06,1.8968300329290705e-06,2.3413969225064923e-12,1
3313,3.4269924172878327e-06,1.8959655617906028e-06,2.3440432322537354e-12,1
3314,3.4269924172878327e-06,1.8951017453460343e-06,2.3466890307822944e-12,1
3315,3.4269924172878327e-06,1.8942385829022125e-06,2.3493343168238214e-12,1
3316,3.4269924172878327e-06,1.893376073766928e-06,2.3519790891144293e-12,1
3317,3.4269924172878327e-06,1.8925142172489136e-06,2.354623346394681e-12,1
3318,3.4269924172878327e-06,1.89165301265784e-06,2.3572670874095805e-12,1
3319,3.4269924172878327e-06,1.8907924593043163e-06,2.3599103109085574e-12,1
3320,3.4269924172878327e-06,1.8899325564998884e-06,2.362553015645455e-12,1
3321,3.4269924172878327e-06,1.889073303557037e-06,2.3651952003785164e-12,1
3322,3.4269924172878327e-06,1.8882146997891753e-06,2.3678368638703777e-12,1
3323,3.4269924172878327e-06,1.8873567445106505e-06,2.3704780048880464e-12,1
3324,3.4269924172878327e-06,1.886499437036737e-06,2.3731186222029028e-12,1
3325,3.4269924172878327e-06,1.88564277668364e-06,2.375758714590674e-12,1
3326,3.4269924172878327e-06,1.8847867627684912e-06,2.3783982808314305e-12,1
3327,3.4269924172878327e-06,1.883931394609348e-06,2.3810373197095715e-12,1
3328,3.4269924172878327e-06,1.8830766715251913e-06,2.383675830013813e-12,1
3329,3.4269924172878327e-06,1.8822225928359258e-06,2.3863138105371755e-12,1
3330,3.4269924172878327e-06,1.881369157862376e-06,2.3889512600769725e-12,1
3331,3.4269924172878327e-06,1.880516365926287e-06,2.3915881774347977e-12,1
3332,3.4269924172878327e-06,1.87966421635032e-06,2.3942245614165195e-12,1
3333,3.4269924172878327e-06,1.8788127084580551e-06,2.3968604108322546e-12,1
3334,3.4269924172878327e-06,1.8779618415739855e-06,2.3994957244963726e-12,1
3335,3.4269924172878327e-06,1.8771116150235192e-06,2.402130501227472e-12,1
3336,3.4269924172878327e-06,1.8762620281329743e-06,2.4047647398483785e-12,1
3337,3.4269924172878327e-06,1.875413080229581e-06,2.407398439186124e-12,1
3338,3.4269924172878327e-06,1.8745647706414783e-06,2.4100315980719382e-12,1
3339,3.4269924172878327e-06,1.8737170986977113e-06,2.412664215341243e-12,1
3340,3.4269924172878327e-06,1.8728700637282326e-06,2.4152962898336307e-12,1
3341,3.4269924172878327e-06,1.8720236650638985e-06,2.4179278203928588e-12,1
3342,3.4269924172878327e-06,1.8711779020364674e-06,2.4205588058668407e-12,1
3343,3.4269924172878327e-06,1.8703327739786006e-06,2.423189245107626e-12,1
3344,3.4269924172878327e-06,1.8694882802238586e-06,2.4258191369713946e-12,1
3345,3.4269924172878327e-06,1.8686444201067011e-06,2.428448480318444e-12,1
3346,3.4269924172878327e-06,1.8678011929624833e-06,2.431077274013182e-12,1
3347,3.4269924172878327e-06,1.8669585981274575e-06,2.433705516924106e-12,1
3348,3.4269924172878327e-06,1.8661166349387696e-06,2.4363332079238e-12,1
3349,3.4269924172878327e-06,1.8652753027344571e-06,2.4389603458889214e-12,1
3350,3.4269924172878327e-06,1.8644346008534497e-06,2.441586929700187e-12,1
3351,3.4269924172878327e-06,1.8635945286355664e-06,2.444212958242364e-12,1
3352,3.4269924172878327e-06,1.8627550854215147e-06,2.4468384304042573e-12,1
3353,3.4269924172878327e-06,1.8619162705528881e-06,2.4494633450787017e-12,1
3354,3.4269924172878327e-06,1.8610780833721664e-06,2.4520877011625448e-12,1
3355,3.4269924172878327e-06,1.8602405232227118e-06,2.454711497556644e-12,1
3356,3.4269924172878327e-06,1.859403589448771e-06,2.4573347331658437e-12,1
3357,3.4269924172878327e-06,1.8585672813954688e-06,2.4599574068989804e-12,1
3358,3.4269924172878327e-06,1.8577315984088118e-06,2.462579517668855e-12,1
3359,3.4269924172878327e-06,1.8568965398356838e-06,2.4652010643922333e-12,1
3360,3.4269924172878327e-06,1.8560621050238448e-06,2.4678220459898307e-12,1
3361,3.4269924172878327e-06,1.8552282933219304e-06,2.4704424613863e-12,1
3362,3.4269924172878327e-06,1.8543951040794506e-06,2.473062309510222e-12,1
3363,3.4269924172878327e-06,1.8535625366467854e-06,2.4756815892941e-12,1
3364,3.4269924172878327e-06,1.8527305903751887e-06,2.4783002996743354e-12,1
3365,3.4269924172878327e-06,1.8518992646167813e-06,2.480918439591232e-12,1
3366,3.4269924172878327e-06,1.8510685587245537e-06,2.4835360079889736e-12,1
3367,3.4269924172878327e-06,1.8502384720523622e-06,2.486153003815621e-12,1
3368,3.4269924172878327e-06,1.8494090039549278e-06,2.488769426023099e-12,1
3369,3.4269924172878327e-06,1.8485801537878364e-06,2.4913852735671815e-12,1
3370,3.4269924172878327e-06,1.8477519209075357e-06,2.494000545407487e-12,1
3371,3.4269924172878327e-06,1.8469243046713337e-06,2.4966152405074655e-12,1
3372,3.4269924172878327e-06,1.8460973044373993e-06,2.4992293578343844e-12,1
3373,3.4269924172878327e-06,1.845270919564758e-06,2.5018428963593267e-12,1
3374,3.4269924172878327e-06,1.844445149413293e-06,2.50445585505717e-12,1
3375,3.4269924172878327e-06,1.8436199933437431e-06,2.5070682329065816e-12,1
3376,3.4269924172878327e-06,1.8427954507177003e-06,2.509680028890009e-12,1
3377,3.4269924172878327e-06,1.8419715208976086e-06,2.5122912419936695e-12,1
3378,3.4269924172878327e-06,1.8411482032467647e-06,2.5149018712075328e-12,1
3379,3.4269924172878327e-06,1.8403254971293138e-06,2.51751191552532e-12,1
3380,3.4269924172878327e-06,1.8395034019102505e-06,2.5201213739444856e-12,1
3381,3.4269924172878327e-06,1.8386819169554154e-06,2.522730245466214e-12,1
3382,3.4269924172878327e-06,1.8378610416314947e-06,2.5253385290954053e-12,1
3383,3.4269924172878327e-06,1.8370407753060198e-06,2.527946223840663e-12,1
3384,3.4269924172878327e-06,1.8362211173473641e-06,2.5305533287142884e-12,1
3385,3.4269924172878327e-06,1.835402067124743e-06,2.5331598427322663e-12,1
3386,3.4269924172878327e-06,1.8345836240082118e-06,2.535765764914258e-12,1
3387,3.4269924172878327e-06,1.8337657873686641e-06,2.5383710942835915e-12,1
3388,3.4269924172878327e-06,1.8329485565778317e-06,2.540975829867245e-12,1
3389,3.4269924172878327e-06,1.8321319310082824e-06,2.5435799706958436e-12,1
3390,3.4269924172878327e-06,1.8313159100334174e-06,2.54618351580365e-12,1
3391,3.4269924172878327e-06,1.8305004930274727e-06,2.548786464228547e-12,1
3392,3.4269924172878327e-06,1.8296856793655155e-06,2.551388815012034e-12,1
3393,3.4269924172878327e-06,1.8288714684234437e-06,2.553990567199215e-12,1
3394,3.4269924172878327e-06,1.8280578595779848e-06,2.5565917198387867e-12,1
3395,3.4269924172878327e-06,1.8272448522066933e-06,2.5591922719830342e-12,1
3396,3.4269924172878327e-06,1.8264324456879517e-06,2.561792222687812e-12,1
3397,3.4269924172878327e-06,1.8256206394009663e-06,2.5643915710125434e-12,1
3398,3.4269924172878327e-06,1.8248094327257685e-06,2.5669903160202035e-12,1
3399,3.4269924172878327e-06,1.823998825043211e-06,2.5695884567773162e-12,1
3400,3.4269924172878327e-06,1.8231888157349687e-06,2.5721859923539377e-12,1
3401,3.4269924172878327e-06,1.822379404183536e-06,2.5747829218236496e-12,1
3402,3.4269924172878327e-06,1.821570589772226e-06,2.5773792442635506e-12,1
3403,3.4269924172878327e-06,1.8207623718851687e-06,2.5799749587542443e-12,1
3404,3.4269924172878327e-06,1.8199547499073108e-06,2.582570064379829e-12,1
3405,3.4269924172878327e-06,1.8191477232244124e-06,2.5851645602278937e-12,1
3406,3.4269924172878327e-06,1.8183412912230475e-06,2.5877584453895014e-12,1
3407,3.4269924172878327e-06,1.817535453290603e-06,2.59035171895918e-12,1
3408,3.4269924172878327e-06,1.816730208815275e-06,2.592944380034919e-12,1
3409,3.4269924172878327e-06,1.815925557186069e-06,2.5955364277181563e-12,1
3410,3.4269924172878327e-06,1.8151214977927997e-06,2.598127861113763e-12,1
3411,3.4269924172878327e-06,1.8143180300260872e-06,2.600718679330046e-12,1
3412,3.4269924172878327e-06,1.8135151532773583e-06,2.603308881478726e-12,1
3413,3.4269924172878327e-06,1.812712866938843e-06,2.6058984666749364e-12,1
3414,3.4269924172878327e-06,1.8119111704035744e-06,2.6084874340372104e-12,1
3415,3.4269924172878327e-06,1.811110063065387e-06,2.6110757826874735e-12,1
3416,3.4269924172878327e-06,1.8103095443189157e-06,2.6136635117510316e-12,1
3417,3.4269924172878327e-06,1.809509613559594e-06,2.6162506203565637e-12,1
3418,3.4269924172878327e-06,1.8087102701836538e-06,2.618837107636111e-12,1
3419,3.4269924172878327e-06,1.8079115135881232e-06,2.621422972725068e-12,1
3420,3.4269924172878327e-06,1.8071133431708244e-06,2.6240082147621762e-12,1
3421,3.4269924172878327e-06,1.8063157583303744e-06,2.6265928328895098e-12,1
3422,3.4269924172878327e-06,1.8055187584661823e-06,2.62917682625247e-12,1
3423,3.4269924172878327e-06,1.8047223429784488e-06,2.631760193999774e-12,1
3424,3.4269924172878327e-06,1.8039265112681646e-06,2.634342935283446e-12,1
3425,3.4269924172878327e-06,1.8031312627371087e-06,2.6369250492588103e-12,1
3426,3.4269924172878327e-06,1.8023365967878474e-06,2.6395065350844803e-12,1
3427,3.4269924172878327e-06,1.801542512823734e-06,2.6420873919223477e-12,1
3428,3.4269924172878327e-06,1.8007490102489058e-06,2.644667618937577e-12,1
3429,3.4269924172878327e-06,1.7999560884682844e-06,2.647247215298593e-12,1
3430,3.4269924172878327e-06,1.7991637468875737e-06,2.649826180177075e-12,1
3431,3.4269924172878327e-06,1.7983719849132585e-06,2.652404512747945e-12,1
3432,3.4269924172878327e-06,1.7975808019526028e-06,2.654982212189363e-12,1
3433,3.4269924172878327e-06,1.7967901974136515e-06,2.657559277682708e-12,1
3434,3.4269924172878327e-06,1.7960001707052242e-06,2.6601357084125843e-12,1
3435,3.4269924172878327e-06,1.7952107212369187e-06,2.6627115035667973e-12,1
3436,3.4269924172878327e-06,1.7944218484191062e-06,2.6652866623363575e-12,1
3437,3.4269924172878327e-06,1.7936335516629322e-06,2.667861183915462e-12,1
3438,3.4269924172878327e-06,1.7928458303803144e-06,2.670435067501491e-12,1
3439,3.4269924172878327e-06,1.7920586839839428e-06,2.673008312294995e-12,1
3440,3.4269924172878327e-06,1.7912721118872753e-06,2.6755809174996928e-12,1
3441,3.4269924172878327e-06,1.7904861135045402e-06,2.678152882322454e-12,1
3442,3.4269924172878327e-06,1.7897006882507323e-06,2.6807242059732977e-12,1
3443,3.4269924172878327e-06,1.788915835541613e-06,2.683294887665379e-12,1
3444,3.4269924172878327e-06,1.7881315547937095e-06,2.6858649266149813e-12,1
3445,3.4269924172878327e-06,1.7873478454243106e-06,2.6884343220415128e-12,1
3446,3.4269924172878327e-06,1.78656470685147e-06,2.691003073167487e-12,1
3447,3.4269924172878327e-06,1.7857821384940022e-06,2.6935711792185226e-12,1
3448,3.4269924172878327e-06,1.7850001397714806e-06,2.696138639423337e-12,1
3449,3.4269924172878327e-06,1.7842187101042387e-06,2.6987054530137285e-12,1
3450,3.4269924172878327e-06,1.7834378489133673e-06,2.7012716192245753e-12,1
3451,3.4269924172878327e-06,1.7826575556207142e-06,2.703837137293822e-12,1
3452,3.4269924172878327e-06,1.7818778296488816e-06,2.706402006462476e-12,1
3453,3.4269924172878327e-06,1.7810986704212268e-06,2.708966225974595e-12,1
3454,3.4269924172878327e-06,1.780320077361859e-06,2.711529795077281e-12,1
3455,3.4269924172878327e-06,1.77954204989564e-06,2.7140927130206708e-12,1
3456,3.4269924172878327e-06,1.7787645874481814e-06,2.7166549790579265e-12,1
3457,3.4269924172878327e-06,1.7779876894458444e-06,2.71921659244523e-12,1
3458,3.4269924172878327e-06,1.7772113553157378e-06,2.7217775524417733e-12,1
3459,3.4269924172878327e-06,1.7764355844857185e-06,2.7243378583097462e-12,1
3460,3.4269924172878327e-06,1.7756603763843878e-06,2.7268975093143366e-12,1
3461,3.4269924172878327e-06,1.7748857304410927e-06,2.729456504723712e-12,1
3462,3.4269924172878327e-06,1.7741116460859224e-06,2.7320148438090218e-12,1
3463,3.4269924172878327e-06,1.7733381227497083e-06,2.734572525844382e-12,1
3464,3.4269924172878327e-06,1.7725651598640245e-06,2.7371295501068636e-12,1
3465,3.4269924172878327e-06,1.771792756861183e-06,2.7396859158764964e-12,1
3466,3.4269924172878327e-06,1.771020913174235e-06,2.7422416224362514e-12,1
3467,3.4269924172878327e-06,1.7702496282369698e-06,2.744796669072032e-12,1
3468,3.4269924172878327e-06,1.7694789014839118e-06,2.747351055072675e-12,1
3469,3.4269924172878327e-06,1.7687087323503214e-06,2.749904779729931e-12,1
3470,3.4269924172878327e-06,1.7679391202721928e-06,2.7524578423384647e-12,1
3471,3.4269924172878327e-06,1.767170064686253e-06,2.7550102421958427e-12,1
3472,3.4269924172878327e-06,1.76640156502996e-06,2.757561978602528e-12,1
3473,3.4269924172878327e-06,1.765633620741503e-06,2.7601130508618687e-12,1
3474,3.4269924172878327e-06,1.7648662312598007e-06,2.762663458280092e-12,1
3475,3.4269924172878327e-06,1.7640993960244988e-06,2.7652132001662984e-12,1
3476,3.4269924172878327e-06,1.7633331144759713e-06,2.7677622758324487e-12,1
3477,3.4269924172878327e-06,1.762567386055317e-06,2.7703106845933614e-12,1
3478,3.4269924172878327e-06,1.7618022102043596e-06,2.7728584257667e-12,1
3479,3.4269924172878327e-06,1.7610375863656471e-06,2.775405498672968e-12,1
3480,3.4269924172878327e-06,1.7602735139824492e-06,2.7779519026355e-12,1
3481,3.4269924172878327e-06,1.7595099924987564e-06,2.7804976369804574e-12,1
3482,3.4269924172878327e-06,1.7587470213592809e-06,2.7830427010368105e-12,1
3483,3.4269924172878327e-06,1.7579846000094516e-06,2.785587094136346e-12,1
3484,3.4269924172878327e-06,1.7572227278954176e-06,2.788130815613642e-12,1
3485,3.4269924172878327e-06,1.7564614044640436e-06,2.7906738648060746e-12,1
3486,3.4269924172878327e-06,1.7557006291629088e-06,2.7932162410538053e-12,1
3487,3.4269924172878327e-06,1.7549404014403087e-06,2.7957579436997686e-12,1
3488,3.4269924172878327e-06,1.7541807207452514e-06,2.7982989720896693e-12,1
3489,3.4269924172878327e-06,1.7534215865274563e-06,2.8008393255719764e-12,1
3490,3.4269924172878327e-06,1.7526629982373556e-06,2.803379003497908e-12,1
3491,3.4269924172878327e-06,1.7519049553260897e-06,2.8059180052214337e-12,1
3492,3.4269924172878327e-06,1.7511474572455088e-06,2.808456330099258e-12,1
3493,3.4269924172878327e-06,1.7503905034481706e-06,2.8109939774908175e-12,1
3494,3.4269924172878327e-06,1.7496340933873395e-06,2.8135309467582717e-12,1
3495,3.4269924172878327e-06,1.7488782265169852e-06,2.8160672372664965e-12,1
3496,3.4269924172878327e-06,1.7481229022917811e-06,2.8186028483830773e-12,1
3497,3.4269924172878327e-06,1.7473681201671056e-06,2.8211377794782966e-12,1
3498,3.4269924172878327e-06,1.7466138795990374e-06,2.823672029925134e-12,1
3499,3.4269924172878327e-06,1.7458601800443568e-06,2.8262055990992542e-12,1
3500,3.4269924172878327e-06,1.7451070209605448e-06,2.8287384863789985e-12,1
3501,3.4269924172878327e-06,1.7443544018057804e-06,2.8312706911453792e-12,1
3502,3.4269924172878327e-06,1.7436023220389403e-06,2.833802212782075e-12,1
3503,3.4269924172878327e-06,1.7428507811195987e-06,2.8363330506754164e-12,1
3504,3.4269924172878327e-06,1.7420997785080237e-06,2.8388632042143876e-12,1
3505,3.4269924172878327e-06,1.7413493136651794e-06,2.841392672790611e-12,1
3506,3.4269924172878327e-06,1.7405993860527231e-06,2.8439214557983413e-12,1
3507,3.4269924172878327e-06,1.7398499951330035e-06,2.846449552634464e-12,1
3508,3.4269924172878327e-06,1.7391011403690608e-06,2.8489769626984823e-12,1
3509,3.4269924172878327e-06,1.7383528212246257e-06,2.851503685392511e-12,1
3510,3.4269924172878327e-06,1.7376050371641171e-06,2.8540297201212713e-12,1
3511,3.4269924172878327e-06,1.7368577876526432e-06,2.856555066292079e-12,1
3512,3.4269924172878327e-06,1.7361110721559976e-06,2.8590797233148443e-12,1
3513,3.4269924172878327e-06,1.7353648901406602e-06,2.8616036906020577e-12,1
3514,3.4269924172878327e-06,1.734619241073796e-06,2.864126967568787e-12,1
3515,3.4269924172878327e-06,1.7338741244232526e-06,2.86664955363267e-12,1
3516,3.4269924172878327e-06,1.7331295396575615e-06,2.869171448213903e-12,1
3517,3.4269924172878327e-06,1.732385486245935e-06,2.8716926507352393e-12,1
3518,3.4269924172878327e-06,1.7316419636582648e-06,2.8742131606219817e-12,1
3519,3.4269924172878327e-06,1.7308989713651237e-06,2.8767329773019694e-12,1
3520,3.4269924172878327e-06,1.7301565088377621e-06,2.879252100205576e-12,1
3521,3.4269924172878327e-06,1.7294145755481073e-06,2.881770528765704e-12,1
3522,3.4269924172878327e-06,1.7286731709687632e-06,2.8842882624177725e-12,1
3523,3.4269924172878327e-06,1.7279322945730079e-06,2.8868053005997156e-12,1
3524,3.4269924172878327e-06,1.7271919458347949e-06,2.88932164275197e-12,1
3525,3.4269924172878327e-06,1.7264521242287496e-06,2.891837288317472e-12,1
3526,3.4269924172878327e-06,1.7257128292301705e-06,2.894352236741649e-12,1
3527,3.4269924172878327e-06,1.7249740603150252e-06,2.896866487472415e-12,1
3528,3.4269924172878327e-06,1.7242358169599529e-06,2.899380039960159e-12,1
3529,3.4269924172878327e-06,1.7234980986422608e-06,2.9018928936577412e-12,1
3530,3.4269924172878327e-06,1.7227609048399237e-06,2.9044050480204874e-12,1
3531,3.4269924172878327e-06,1.7220242350315839e-06,2.9069165025061774e-12,1
3532,3.4269924172878327e-06,1.7212880886965481e-06,2.9094272565750447e-12,1
3533,3.4269924172878327e-06,1.7205524653147891e-06,2.911937309689763e-12,1
3534,3.4269924172878327e-06,1.719817364366942e-06,2.914446661315446e-12,1
3535,3.4269924172878327e-06,1.7190827853343056e-06,2.9169553109196325e-12,1
3536,3.4269924172878327e-06,1.718348727698839e-06,2.9194632579722896e-12,1
3537,3.4269924172878327e-06,1.717615190943163e-06,2.921970501945796e-12,1
3538,3.4269924172878327e-06,1.7168821745505572e-06,2.9244770423149432e-12,1
3539,3.4269924172878327e-06,1.7161496780049598e-06,2.9269828785569245e-12,1
3540,3.4269924172878327e-06,1.715417700790966e-06,2.9294880101513292e-12,1
3541,3.4269924172878327e-06,1.7146862423938283e-06,2.9319924365801365e-12,1
3542,3.4269924172878327e-06,1.7139553022994542e-06,2.934496157327707e-12,1
3543,3.4269924172878327e-06,1.7132248799944051e-06,2.9369991718807795e-12,1
3544,3.4269924172878327e-06,1.712494974965896e-06,2.939501479728463e-12,1
3545,3.4269924172878327e-06,1.7117655867017945e-06,2.9420030803622257e-12,1
3546,3.4269924172878327e-06,1.7110367146906194e-06,2.944503973275896e-12,1
3547,3.4269924172878327e-06,1.7103083584215397e-06,2.94700415796565e-12,1
3548,3.4269924172878327e-06,1.7095805173843737e-06,2.949503633930009e-12,1
3549,3.4269924172878327e-06,1.7088531910695876e-06,2.9520024006698302e-12,1
3550,3.4269924172878327e-06,1.7081263789682959e-06,2.9545004576882995e-12,1
3551,3.4269924172878327e-06,1.7074000805722582e-06,2.9569978044909295e-12,1
3552,3.4269924172878327e-06,1.70667429537388e-06,2.9594944405855494e-12,1
3553,3.4269924172878327e-06,1.7059490228662119e-06,2.9619903654822945e-12,1
3554,3.4269924172878327e-06,1.7052242625429455e-06,2.9644855786936138e-12,1
3555,3.4269924172878327e-06,1.7045000138984164e-06,2.9669800797342475e-12,1
3556,3.4269924172878327e-06,1.703776276427602e-06,2.9694738681212267e-12,1
3557,3.4269924172878327e-06,1.7030530496261175e-06,2.9719669433738743e-12,1
3558,3.4269924172878327e-06,1.7023303329902206e-06,2.9744593050137835e-12,1
3559,3.4269924172878327e-06,1.701608126016805e-06,2.976950952564827e-12,1
3560,3.4269924172878327e-06,1.700886428203402e-06,2.9794418855531407e-12,1
3561,3.4269924172878327e-06,1.7001652390481801e-06,2.981932103507121e-12,1
3562,3.4269924172878327e-06,1.6994445580499422e-06,2.9844216059574182e-12,1
3563,3.4269924172878327e-06,1.6987243847081268e-06,2.9869103924369274e-12,1
3564,3.4269924172878327e-06,1.6980047185228047e-06,2.989398462480787e-12,1
3565,3.4269924172878327e-06,1.6972855589946794e-06,2.9918858156263704e-12,1
3566,3.4269924172878327e-06,1.6965669056250854e-06,2.9943724514132806e-12,1
3567,3.4269924172878327e-06,1.6958487579159887e-06,2.996858369383339e-12,1
3568,3.4269924172878327e-06,1.6951311153699838e-06,2.9993435690805865e-12,1
3569,3.4269924172878327e-06,1.6944139774902942e-06,3.0018280500512727e-12,1
3570,3.4269924172878327e-06,1.6936973437807714e-06,3.004311811843849e-12,1
3571,3.4269924172878327e-06,1.692981213745892e-06,3.0067948540089695e-12,1
3572,3.4269924172878327e-06,1.6922655868907595e-06,3.009277176099476e-12,1
3573,3.4269924172878327e-06,1.6915504627211013e-06,3.011758777670397e-12,1
3574,3.4269924172878327e-06,1.690835840743269e-06,3.0142396582789394e-12,1
3575,3.4269924172878327e-06,1.690121720464237e-06,3.0167198174844825e-12,1
3576,3.4269924172878327e-06,1.6894081013916008e-06,3.019199254848576e-12,1
3577,3.4269924172878327e-06,1.6886949830335776e-06,3.0216779699349265e-12,1
3578,3.4269924172878327e-06,1.687982364899003e-06,3.0241559623094e-12,1
3579,3.4269924172878327e-06,1.6872702464973335e-06,3.026633231540007e-12,1
3580,3.4269924172878327e-06,1.686558627338641e-06,3.029109777196907e-12,1
3581,3.4269924172878327e-06,1.685847506933617e-06,3.0315855988523898e-12,1
3582,3.4269924172878327e-06,1.685136884793567e-06,3.0340606960808814e-12,1
3583,3.4269924172878327e-06,1.684426760430413e-06,3.0365350684589307e-12,1
3584,3.4269924172878327e-06,1.6837171333566905e-06,3.0390087155652043e-12,1
3585,3.4269924172878327e-06,1.6830080030855481e-06,3.0414816369804856e-12,1
3586,3.4269924172878327e-06,1.6822993691307469e-06,3.0439538322876635e-12,1
3587,3.4269924172878327e-06,1.681591231006659e-06,3.0464253010717285e-12,1
3588,3.4269924172878327e-06,1.6808835882282672e-06,3.048896042919767e-12,1
3589,3.4269924172878327e-06,1.6801764403111638e-06,3.0513660574209542e-12,1
3590,3.4269924172878327e-06,1.679469786771549e-06,3.053835344166552e-12,1
3591,3.4269924172878327e-06,1.6787636271262316e-06,3.0563039027498953e-12,1
3592,3.4269924172878327e-06,1.678057960892626e-06,3.0587717327663972e-12,1
3593,3.4269924172878327e-06,1.6773527875887529e-06,3.0612388338135332e-12,1
3594,3.4269924172878327e-06,1.6766481067332374e-06,3.063705205490841e-12,1
3595,3.4269924172878327e-06,1.6759439178453091e-06,3.0661708473999134e-12,1
3596,3.4269924172878327e-06,1.6752402204448e-06,3.0686357591443913e-12,1
3597,3.4269924172878327e-06,1.674537014052144e-06,3.0710999403299602e-12,1
3598,3.4269924172878327e-06,1.6738342981883762e-06,3.0735633905643443e-12,1
3599,3.4269924172878327e-06,1.6731320723751323e-06,3.0760261094572964e-12,1
3600,3.4269924172878327e-06,1.6724303361346465e-06,3.0784880966206e-12,1
3601,3.4269924172878327e-06,1.6717290889897522e-06,3.080949351668055e-12,1
3602,3.4269924172878327e-06,1.671028330463879e-06,3.083409874215482e-12,1
3603,3.4269924172878327e-06,1.6703280600810545e-06,3.085869663880703e-12,1
3604,1.7134962086439163e-06,1.6696282773659007e-06,1.9243953946127027e-15,1
3605,1.7134962086439163e-06,1.6689289818436347e-06,1.9862377046677457e-15,1
3606,1.7134962086439163e-06,1.6682301730400677e-06,2.0490139792888957e-15,1
3607,1.7134962086439163e-06,1.6675318504816026e-06,2.1127222212734536e-15,1
3608,1.7134962086439163e-06,1.666834013695236e-06,2.177360437428643e-15,1
3609,1.7134962086439163e-06,1.6661366622085537e-06,2.242926638563268e-15,1
3610,1.7134962086439163e-06,1.6654397955497335e-06,2.309418839478748e-15,1
3611,1.7134962086439163e-06,1.6647434132475407e-06,2.3768350589608685e-15,1
3612,1.7134962086439163e-06,1.66404751483133e-06,2.4451733197709073e-15,1
3613,1.7134962086439163e-06,1.6633520998310437e-06,2.5144316486372083e-15,1
3614,1.7134962086439163e-06,1.6626571677772096e-06,2.5846080762466767e-15,1
3615,1.7134962086439163e-06,1.6619627182009423e-06,2.6557006372361012e-15,1
3616,1.7134962086439163e-06,1.6612687506339407e-06,2.7277073701837742e-15,1
3617,1.7134962086439163e-06,1.6605752646084872e-06,2.800626317601027e-15,1
3618,1.7134962086439163e-06,1.6598822596574478e-06,2.8744555259236506e-15,1
3619,1.7134962086439163e-06,1.6591897353142703e-06,2.9491930455035622e-15,1
3620,1.7134962086439163e-06,1.658497691112984e-06,3.024836930600284e-15,1
3621,1.7134962086439163e-06,1.657806126588198e-06,3.1013852393726522e-15,1
3622,1.7134962086439163e-06,1.657115041275101e-06,3.1788360338703604e-15,1
3623,1.7134962086439163e-06,1.6564244347094607e-06,3.2571873800256156e-15,1
3624,1.7134962086439163e-06,1.6557343064276225e-06,3.3364373476446936e-15,1
3625,1.7134962086439163e-06,1.6550446559665077e-06,3.4165840103998764e-15,1
3626,1.7134962086439163e-06,1.654355482863615e-06,3.4976254458208047e-15,1
3627,1.7134962086439163e-06,1.653666786657016e-06,3.579559735286584e-15,1
3628,1.7134962086439163e-06,1.6529785668853593e-06,3.662384964017042e-15,1
3629,1.7134962086439163e-06,1.652290823087864e-06,3.746099221065008e-15,1
3630,1.7134962086439163e-06,1.6516035548043238e-06,3.8307005993076274e-15,1
3631,1.7134962086439163e-06,1.6509167615751028e-06,3.916187195438432e-15,1
3632,1.7134962086439163e-06,1.6502304429411364e-06,4.0025571099590485e-15,1
3633,1.7134962086439163e-06,1.6495445984439294e-06,4.089808447171077e-15,1
3634,1.7134962086439163e-06,1.6488592276255557e-06,4.1779393151679204e-15,1
3635,1.7134962086439163e-06,1.6481743300286577e-06,4.266947825826588e-15,1
3636,1.7134962086439163e-06,1.6474899051964443e-06,4.356832094799757e-15,1
3637,1.7134962086439163e-06,1.646805952672691e-06,4.447590241507564e-15,1
3638,1.7134962086439163e-06,1.6461224720017398e-06,4.539220389129363e-15,1
3639,1.7134962086439163e-06,1.6454394627284964e-06,4.6317206645960355e-15,1
3640,1.7134962086439163e-06,1.6447569243984302e-06,4.7250891985817336e-15,1
3641,1.7134962086439163e-06,1.6440748565575744e-06,4.8193241254958555e-15,1
3642,1.7134962086439163e-06,1.6433932587525239e-06,4.914423583475082e-15,1
3643,1.7134962086439163e-06,1.6427121305304342e-06,5.0103857143755445e-15,1
3644,1.7134962086439163e-06,1.6420314714390225e-06,5.107208663764538e-15,1
3645,1.7134962086439163e-06,1.6413512810265647e-06,5.204890580912908e-15,1
3646,1.7134962086439163e-06,1.6406715588418959e-06,5.30342961878692e-15,1
3647,1.7134962086439163e-06,1.6399923044344085e-06,5.402823934040509e-15,1
3648,1.7134962086439163e-06,1.6393135173540525e-06,5.503071687007242e-15,1
3649,1.7134962086439163e-06,1.638635197151334e-06,5.60417104169254e-15,1
3650,1.7134962086439163e-06,1.6379573433773142e-06,5.7061201657658724e-15,1
3651,1.7134962086439163e-06,1.6372799555836089e-06,5.808917230552827e-15,1
3652,1.7134962086439163e-06,1.6366030333223877e-06,5.912560411027334e-15,1
3653,1.7134962086439163e-06,1.6359265761463734e-06,6.017047885803877e-15,1
3654,1.7134962086439163e-06,1.6352505836088403e-06,6.122377837129715e-15,1
3655,1.7134962086439163e-06,1.634575055263614e-06,6.2285484508772016e-15,1
3656,1.7134962086439163e-06,1.6338999906650703e-06,6.33555791653598e-15,1
3657,1.7134962086439163e-06,1.633225389368135e-06,6.443404427205134e-15,1
3658,1.7134962086439163e-06,1.6325512509282823e-06,6.552086179585787e-15,1
3659,1.7134962086439163e-06,1.631877574901534e-06,6.6616013739731585e-15,1
3660,1.7134962086439163e-06,1.6312043608444595e-06,6.7719482142489644e-15,1
3661,1.7134962086439163e-06,1.6305316083141742e-06,6.883124907873843e-15,1
3662,1.7134962086439163e-06,1.6298593168683386e-06,6.995129665879696e-15,1
3663,1.7134962086439163e-06,1.629187486065159e-06,7.10796070286187e-15,1
3664,1.7134962086439163e-06,1.6285161154633832e-06,7.221616236972095e-15,1
3665,1.7134962086439163e-06,1.627845204622304e-06,7.336094489910241e-15,1
3666,1.7134962086439163e-06,1.6271747531017558e-06,7.451393686917194e-15,1
3667,1.7134962086439163e-06,1.6265047604621136e-06,7.567512056767279e-15,1
3668,1.7134962086439163e-06,1.625835226264294e-06,7.684447831760454e-15,1
3669,1.7134962086439163e-06,1.6251661500697523e-06,7.802199247715257e-15,1
3670,1.7134962086439163e-06,1.624497531440483e-06,7.92076454396091e-15,1
3671,1.7134962086439163e-06,1.6238293699390192e-06,8.040141963330045e-15,1
3672,1.7134962086439163e-06,1.6231616651284307e-06,8.160329752151175e-15,1
3673,1.7134962086439163e-06,1.6224944165723239e-06,8.281326160241353e-15,1
3674,1.7134962086439163e-06,1.6218276238348408e-06,8.40312944089868e-15,1
3675,1.7134962086439163e-06,1.6211612864806582e-06,8.525737850894947e-15,1
3676,1.7134962086439163e-06,1.6204954040749874e-06,8.649149650468107e-15,1
3677,1.7134962086439163e-06,1.6198299761835722e-06,8.773363103315228e-15,1
3678,1.7134962086439163e-06,1.6191650023726896e-06,8.898376476584725e-15,1
3679,1.7134962086439163e-06,1.618500482209148e-06,9.024188040869346e-15,1
3680,1.7134962086439163e-06,1.617836415260286e-06,9.150796070198832e-15,1
3681,1.7134962086439163e-06,1.6171728010939735e-06,9.278198842032385e-15,1
3682,1.7134962086439163e-06,1.6165096392786086e-06,9.406394637251642e-15,1
3683,1.7134962086439163e-06,1.6158469293831184e-06,9.535381740153296e-15,1
3684,1.7134962086439163e-06,1.6151846709769577e-06,9.665158438441822e-15,1
3685,1.7134962086439163e-06,1.614522863630108e-06,9.795723023222339e-15,1
3686,1.7134962086439163e-06,1.6138615069130772e-06,9.927073788993281e-15,1
3687,1.7134962086439163e-06,1.6132006003968982e-06,1.005920903363934e-14,1
3688,1.7134962086439163e-06,1.612540143653128e-06,1.0192127058424259e-14,1
3689,1.7134962086439163e-06,1.6118801362538491e-06,1.0325826167983382e-14,1
3690,1.7134962086439163e-06,1.6112205777716647e-06,1.0460304670317069e-14,1
3691,1.7134962086439163e-06,1.6105614677797014e-06,1.0595560876783078e-14,1
3692,1.7134962086439163e-06,1.609902805851608e-06,1.0731593102089453e-14,1
3693,1.7134962086439163e-06,1.609244591561552e-06,1.0868399664287924e-14,1
3694,1.7134962086439163e-06,1.6085868244842225e-06,1.1005978884766227e-14,1
3695,1.7134962086439163e-06,1.6079295041948262e-06,1.1144329088241543e-14,1
3696,1.7134962086439163e-06,1.6072726302690902e-06,1.128344860275284e-14,1
3697,1.7134962086439163e-06,1.6066162022832564e-06,1.142333575965471e-14,1
3698,1.7134962086439163e-06,1.605960219814086e-06,1.156398889360938e-14,1
3699,1.7134962086439163e-06,1.6053046824388547e-06,1.170540634258054e-14,1
3700,1.7134962086439163e-06,1.6046495897353536e-06,1.1847586447825885e-14,1
3701,1.7134962086439163e-06,1.6039949412818887e-06,1.1990527553890253e-14,1
3702,1.7134962086439163e-06,1.6033407366572795e-06,1.2134228008598736e-14,1
3703,1.7134962086439163e-06,1.602686975440859e-06,1.2278686163049537e-14,1
3704,1.7134962086439163e-06,1.6020336572124709e-06,1.2423900371607623e-14,1
3705,1.7134962086439163e-06,1.6013807815524716e-06,1.256986899189706e-14,1
3706,1.7134962086439163e-06,1.6007283480417277e-06,1.271659038479465e-14,1
3707,1.7134962086439163e-06,1.6000763562616158e-06,1.2864062914422849e-14,1
3708,1.7134962086439163e-06,1.5994248057940218e-06,1.3012284948142933e-14,1
3709,1.7134962086439163e-06,1.5987736962213394e-06,1.3161254856548329e-14,1
3710,1.7134962086439163e-06,1.5981230271264705e-06,1.3310971013457513e-14,1
3711,1.7134962086439163e-06,1.597472798092824e-06,1.3461431795907334e-14,1
3712,1.7134962086439163e-06,1.5968230087043138e-06,1.3612635584146482e-14,1
3713,1.7134962086439163e-06,1.5961736585453598e-06,1.3764580761628299e-14,1
3714,1.7134962086439163e-06,1.5955247472008877e-06,1.3917265715003987e-14,1
3715,1.7134962086439163e-06,1.5948762742563254e-06,1.4070688834116384e-14,1
3716,1.7134962086439163e-06,1.5942282392976046e-06,1.4224848511992765e-14,1
3717,1.7134962086439163e-06,1.593580641911159e-06,1.4379743144838402e-14,1
3718,1.7134962086439163e-06,1.5929334816839245e-06,1.4535371132029543e-14,1
3719,1.7134962086439163e-06,1.592286758203338e-06,1.4691730876107043e-14,1
3720,1.7134962086439163e-06,1.5916404710573353e-06,1.4848820782769693e-14,1
3721,1.7134962086439163e-06,1.590994619834353e-06,1.5006639260867327e-14,1
3722,1.7134962086439163e-06,1.5903492041233261e-06,1.516518472239427e-14,1
3723,1.7134962086439163e-06,1.5897042235136865e-06,1.532445558248305e-14,1
3724,1.7134962086439163e-06,1.5890596775953645e-06,1.5484450259397198e-14,1
3725,1.7134962086439163e-06,1.5884155659587866e-06,1.5645167174525104e-14,1
3726,1.7134962086439163e-06,1.5877718881948743e-06,1.5806604752373416e-14,1
3727,1.7134962086439163e-06,1.5871286438950447e-06,1.596876142056026e-14,1
3728,1.7134962086439163e-06,1.5864858326512093e-06,1.6131635609808803e-14,1
3729,1.7134962086439163e-06,1.5858434540557729e-06,1.629522575394078e-14,1
3730,1.7134962086439163e-06,1.585201507701633e-06,1.6459530289869943e-14,1
3731,1.7134962086439163e-06,1.584559993182179e-06,1.6624547657595537e-14,1
3732,1.7134962086439163e-06,1.5839189100912921e-06,1.679027630019591e-14,1
3733,1.7134962086439163e-06,1.5832782580233439e-06,1.6956714663821854e-14,1
3734,1.7134962086439163e-06,1.5826380365731957e-06,1.7123861197690338e-14,1
3735,1.7134962086439163e-06,1.5819982453361985e-06,1.72917143540779e-14,1
3736,1.7134962086439163e-06,1.5813588839081915e-06,1.7460272588314395e-14,1
3737,1.7134962086439163e-06,1.580719951885501e-06,1.7629534358776645e-14,1
3738,1.7134962086439163e-06,1.580081448864941e-06,1.7799498126881675e-14,1
3739,1.7134962086439163e-06,1.579443374443812e-06,1.797016235708064e-14,1
3740,1.7134962086439163e-06,1.5788057282198993e-06,1.814152551685251e-14,1
3741,1.7134962086439163e-06,1.5781685097914737e-06,1.83135860766974e-14,1
3742,1.7134962086439163e-06,1.57753171875729e-06,1.8486342510130512e-14,1
3743,1.7134962086439163e-06,1.576895354716586e-06,1.8659793293675834e-14,1
3744,1.7134962086439163e-06,1.5762594172690832e-06,1.8833936906859472e-14,1
3745,1.7134962086439163e-06,1.5756239060149837e-06,1.9008771832203987e-14,1
3746,1.7134962086439163e-06,1.5749888205549722e-06,1.9184296555221377e-14,1
3747,1.7134962086439163e-06,1.5743541604902138e-06,1.9360509564407273e-14,1
3748,1.7134962086439163e-06,1.5737199254223525e-06,1.9537409351234838e-14,1
3749,1.7134962086439163e-06,1.5730861149535125e-06,1.9714994410148e-14,1
3750,1.7134962086439163e-06,1.5724527286862962e-06,1.98932632385556e-14,1
3751,1.7134962086439163e-06,1.5718197662237834e-06,2.0072214336825244e-14,1
3752,1.7134962086439163e-06,1.5711872271695318e-06,2.0251846208276733e-14,1
3753,1.7134962086439163e-06,1.5705551111275743e-06,2.0432157359176395e-14,1
3754,1.7134962086439163e-06,1.569923417702421e-06,2.0613146298730314e-14,1
3755,1.7134962086439163e-06,1.5692921464990553e-06,2.0794811539078933e-14,1
3756,1.7134962086439163e-06,1.5686612971229363e-06,2.0977151595290132e-14,1
3757,1.7134962086439163e-06,1.5680308691799957e-06,2.1160164985353674e-14,1
3758,1.7134962086439163e-06,1.5674008622766388e-06,2.1343850230174793e-14,1
3759,1.7134962086439163e-06,1.5667712760197422e-06,2.1528205853568447e-14,1
3760,1.7134962086439163e-06,1.5661421100166556e-06,2.1713230382252477e-14,1
3761,1.7134962086439163e-06,1.5655133638751976e-06,2.189892234584271e-14,1
3762,1.7134962086439163e-06,1.5648850372036584e-06,2.2085280276845754e-14,1
3763,1.7134962086439163e-06,1.5642571296107965e-06,2.227230271065378e-14,1
3764,1.7134962086439163e-06,1.56362964070584e-06,2.2459988185538033e-14,1
3765,1.7134962086439163e-06,1.563002570098485e-06,2.264833524264292e-14,1
3766,1.7134962086439163e-06,1.5623759173988948e-06,2.2837342425980145e-14,1
3767,1.7134962086439163e-06,1.561749682217699e-06,2.30270082824227e-14,1
3768,1.7134962086439163e-06,1.5611238641659934e-06,2.3217331361698817e-14,1
3769,1.7134962086439163e-06,1.56049846285534e-06,2.3408310216385808e-14,1
3770,1.7134962086439163e-06,1.5598734778977642e-06,2.3599943401904758e-14,1
3771,1.7134962086439163e-06,1.5592489089057563e-06,2.37922294765138e-14,1
3772,1.7134962086439163e-06,1.558624755492269e-06,2.3985167001302905e-14,1
3773,1.7134962086439163e-06,1.5580010172707186e-06,2.4178754540187374e-14,1
3774,1.7134962086439163e-06,1.5573776938549828e-06,2.4372990659902477e-14,1
3775,1.7134962086439163e-06,1.5567547848594008e-06,2.456787392999708e-14,1
3776,1.7134962086439163e-06,1.5561322898987722e-06,2.476340292282833e-14,1
3777,1.7134962086439163e-06,1.555510208588356e-06,2.4959576213555507e-14,1
3778,1.7134962086439163e-06,1.5548885405438719e-06,2.5156392380133863e-14,1
3779,1.7134962086439163e-06,1.554267285381497e-06,2.5353850003309437e-14,1
3780,1.7134962086439163e-06,1.5536464427178659e-06,2.5551947666613124e-14,1
3781,1.7134962086439163e-06,1.5530260121700727e-06,2.5750683956353983e-14,1
3782,1.7134962086439163e-06,1.5524059933556653e-06,2.5950057461615068e-14,1
3783,1.7134962086439163e-06,1.5517863858926492e-06,2.6150066774246227e-14,1
3784,1.7134962086439163e-06,1.5511671893994848e-06,2.6350710488859016e-14,1
3785,1.7134962086439163e-06,1.550548403495087e-06,2.655198720282089e-14,1
3786,1.7134962086439163e-06,1.5499300277988247e-06,2.675389551624924e-14,1
3787,1.7134962086439163e-06,1.5493120619305199e-06,2.6956434032006104e-14,1
3788,1.7134962086439163e-06,1.5486945055104476e-06,2.715960135569195e-14,1
3789,1.7134962086439163e-06,1.5480773581593338e-06,2.736339609564069e-14,1
3790,1.7134962086439163e-06,1.5474606194983575e-06,2.7567816862912807e-14,1
3791,1.7134962086439163e-06,1.5468442891491466e-06,2.7772862271291212e-14,1
3792,1.7134962086439163e-06,1.54622836673378e-06,2.7978530937274335e-14,1
3793,1.7134962086439163e-06,1.5456128518747856e-06,2.8184821480071252e-14,1
3794,1.7134962086439163e-06,1.5449977441951402e-06,2.839173252159548e-14,1
3795,1.7134962086439163e-06,1.544383043318268e-06,2.859926268646008e-14,1
3796,1.7134962086439163e-06,1.5437687488680413e-06,2.880741060197127e-14,1
3797,1.7134962086439163e-06,1.5431548604687788e-06,2.901617489812344e-14,1
3798,1.7134962086439163e-06,1.5425413777452453e-06,2.92255542075932e-14,1
3799,1.7134962086439163e-06,1.5419283003226507e-06,2.9435547165734216e-14,1
3800,1.7134962086439163e-06,1.5413156278266514e-06,2.9646152410570695e-14,1
3801,1.7134962086439163e-06,1.540703359883345e-06,2.985736858279369e-14,1
3802,1.7134962086439163e-06,1.5400914961192749e-06,3.0069194325753546e-14,1
3803,1.7134962086439163e-06,1.5394800361614263e-06,3.028162828545572e-14,1
3804,1.7134962086439163e-06,1.5388689796372278e-06,3.0494669110554454e-14,1
3805,1.7134962086439163e-06,1.5382583261745478e-06,3.0708315452348207e-14,1
3806,1.7134962086439163e-06,1.537648075401697e-06,3.092256596477332e-14,1
3807,1.7134962086439163e-06,1.537038226947426e-06,3.11374193043989e-14,1
3808,1.7134962086439163e-06,1.536428780440925e-06,3.135287413042152e-14,1
3809,1.7134962086439163e-06,1.5358197355118225e-06,3.156892910465966e-14,1
3810,1.7134962086439163e-06,1.5352110917901875e-06,3.1785582891547734e-14,1
3811,1.7134962086439163e-06,1.5346028489065244e-06,3.200283415813194e-14,1
3812,1.7134962086439163e-06,1.5339950064917758e-06,3.2220681574063614e-14,1
3813,1.7134962086439163e-06,1.5333875641773213e-06,3.243912381159435e-14,1
3814,1.7134962086439163e-06,1.5327805215949751e-06,3.2658159545570857e-14,1
3815,1.7134962086439163e-06,1.5321738783769875e-06,3.287778745342922e-14,1
3816,1.7134962086439163e-06,1.5315676341560432e-06,3.309800621518962e-14,1
3817,1.7134962086439163e-06,1.5309617885652608e-06,3.3318814513451094e-14,1
3818,1.7134962086439163e-06,1.5303563412381926e-06,3.354021103338609e-14,1
3819,1.7134962086439163e-06,1.529751291808823e-06,3.376219446273535e-14,1
3820,1.7134962086439163e-06,1.5291466399115692e-06,3.3984763491802373e-14,1
3821,1.7134962086439163e-06,1.528542385181279e-06,3.420791681344842e-14,1
3822,1.7134962086439163e-06,1.527938527253232e-06,3.44316531230867e-14,1
3823,1.7134962086439163e-06,1.5273350657631373e-06,3.4655971118677825e-14,1
3824,1.7134962086439163e-06,1.5267320003471344e-06,3.4880869500723755e-14,1
3825,1.7134962086439163e-06,1.5261293306417907e-06,3.510634697226344e-14,1
3826,1.7134962086439163e-06,1.5255270562841028e-06,3.533240223886679e-14,1
3827,1.7134962086439163e-06,1.5249251769114954e-06,3.555903400862971e-14,1
3828,1.7134962086439163e-06,1.5243236921618188e-06,3.578624099216947e-14,1
3829,1.7134962086439163e-06,1.5237226016733516e-06,3.601402190261836e-14,1
3830,1.7134962086439163e-06,1.523121905084797e-06,3.6242375455619755e-14,1
3831,1.7134962086439163e-06,1.5225216020352845e-06,3.64713003693217e-14,1
3832,1.7134962086439163e-06,1.5219216921643675e-06,3.6700795364372933e-14,1
3833,1.7134962086439163e-06,1.521322175112024e-06,3.6930859163916906e-14,1
3834,1.7134962086439163e-06,1.520723050518655e-06,3.716149049358698e-14,1
3835,1.7134962086439163e-06,1.5201243180250853e-06,3.7392688081501165e-14,1
3836,1.7134962086439163e-06,1.5195259772725607e-06,3.7624450658257234e-14,1
3837,1.7134962086439163e-06,1.5189280279027494e-06,3.785677695692741e-14,1
3838,1.7134962086439163e-06,1.5183304695577405e-06,3.808966571305326e-14,1
3839,1.7134962086439163e-06,1.5177333018800434e-06,3.8323115664640817e-14,1
3840,1.7134962086439163e-06,1.517136524512588e-06,3.855712555215508e-14,1
3841,1.7134962086439163e-06,1.5165401370987221e-06,3.879169411851566e-14,1
3842,1.7134962086439163e-06,1.5159441392822135e-06,3.902682010909106e-14,1
3843,1.7134962086439163e-06,1.5153485307072475e-06,3.9262502271693836e-14,1
3844,1.7134962086439163e-06,1.5147533110184266e-06,3.94987393565759e-14,1
3845,1.7134962086439163e-06,1.5141584798607709e-06,3.973553011642287e-14,1
3846,1.7134962086439163e-06,1.5135640368797153e-06,3.997287330635e-14,1
3847,1.7134962086439163e-06,1.5129699817211116e-06,4.02107676838962e-14,1
3848,1.7134962086439163e-06,1.5123763140312265e-06,4.044921200901948e-14,1
3849,1.7134962086439163e-06,1.5117830334567405e-06,4.068820504409228e-14,1
3850,1.7134962086439163e-06,1.511190139644749e-06,4.0927745553895887e-14,1
3851,1.7134962086439163e-06,1.5105976322427595e-06,4.1167832305616076e-14,1
3852,1.7134962086439163e-06,1.5100055108986933e-06,4.140846406883772e-14,1
3853,1.7134962086439163e-06,1.5094137752608828e-06,4.1649639615540345e-14,1
3854,1.7134962086439163e-06,1.508822424978072e-06,4.189135772009285e-14,1
3855,1.7134962086439163e-06,1.508231459699417e-06,4.213361715924834e-14,1
3856,1.7134962086439163e-06,1.5076408790744827e-06,4.237641671214014e-14,1
3857,1.7134962086439163e-06,1.5070506827532448e-06,4.261975516027595e-14,1
3858,1.7134962086439163e-06,1.5064608703860872e-06,4.286363128753374e-14,1
3859,1.7134962086439163e-06,1.5058714416238039e-06,4.310804388015598e-14,1
3860,1.7134962086439163e-06,1.5052823961175947e-06,4.33529917267462e-14,1
3861,1.7134962086439163e-06,1.5046937335190686e-06,4.3598473618262675e-14,1
3862,1.7134962086439163e-06,1.504105453480241e-06,4.3844488348014274e-14,1
3863,1.7134962086439163e-06,1.503517555653533e-06,4.4091034711655797e-14,1
3864,1.7134962086439163e-06,1.5029300396917719e-06,4.433811150718305e-14,1
3865,1.7134962086439163e-06,1.5023429052481903e-06,4.458571753492754e-14,1
3866,1.7134962086439163e-06,1.5017561519764238e-06,4.4833851597552945e-14,1
3867,1.7134962086439163e-06,1.501169779530514e-06,4.508251250004868e-14,1
3868,1.7134962086439163e-06,1.5005837875649047e-06,4.533169904972635e-14,1
3869,1.7134962086439163e-06,1.4999981757344429e-06,4.558141005621462e-14,1
3870,1.7134962086439163e-06,1.499412943694377e-06,4.583164433145471e-14,1
3871,1.7134962086439163e-06,1.4988280911003578e-06,4.608240068969506e-14,1
3872,1.7134962086439163e-06,1.498243617608437e-06,4.633367794748735e-14,1
3873,1.7134962086439163e-06,1.4976595228750674e-06,4.658547492368084e-14,1
3874,1.7134962086439163e-06,1.4970758065571e-06,4.6837790439419234e-14,1
3875,1.7134962086439163e-06,1.4964924683117869e-06,4.7090623318134274e-14,1
3876,1.7134962086439163e-06,1.4959095077967783e-06,4.734397238554195e-14,1
3877,1.7134962086439163e-06,1.4953269246701226e-06,4.759783646963784e-14,1
3878,1.7134962086439163e-06,1.4947447185902662e-06,4.7852214400692195e-14,1
3879,1.7134962086439163e-06,1.4941628892160518e-06,4.8107105011245654e-14,1
3880,1.7134962086439163e-06,1.493581436206719e-06,4.836250713610429e-14,1
3881,1.7134962086439163e-06,1.4930003592219039e-06,4.8618419612334805e-14,1
3882,1.7134962086439163e-06,1.4924196579216374e-06,4.887484127926036e-14,1
3883,1.7134962086439163e-06,1.4918393319663455e-06,4.913177097845586e-14,1
3884,1.7134962086439163e-06,1.491259381016849e-06,4.938920755374288e-14,1
3885,1.7134962086439163e-06,1.4906798047343602e-06,4.9647149851186474e-14,1
3886,1.7134962086439163e-06,1.4901006027804877e-06,4.990559671908835e-14,1
3887,1.7134962086439163e-06,1.4895217748172304e-06,5.016454700798452e-14,1
3888,1.7134962086439163e-06,1.4889433205069804e-06,5.042399957063926e-14,1
3889,1.7134962086439163e-06,1.4883652395125212e-06,5.068395326204118e-14,1
3890,1.7134962086439163e-06,1.4877875314970262e-06,5.09444069393991e-14,1
3891,1.7134962086439163e-06,1.4872101961240601e-06,5.1205359462136535e-14,1
3892,1.7134962086439163e-06,1.486633233057578e-06,5.1466809691887567e-14,1
3893,1.7134962086439163e-06,1.4860566419619226e-06,5.1728756492493084e-14,1
3894,1.7134962086439163e-06,1.4854804225018267e-06,5.199119872999515e-14,1
3895,1.7134962086439163e-06,1.484904574342411e-06,5.225413527263316e-14,1
3896,1.7134962086439163e-06,1.4843290971491836e-06,5.2517564990839277e-14,1
3897,1.7134962086439163e-06,1.48375399058804e-06,5.2781486757233844e-14,1
3898,1.7134962086439163e-06,1.4831792543252615e-06,5.304589944662136e-14,1
3899,1.7134962086439163e-06,1.4826048880275162e-06,5.331080193598527e-14,1
3900,1.7134962086439163e-06,1.4820308913618574e-06,5.357619310448419e-14,1
3901,1.7134962086439163e-06,1.481457263995723e-06,5.3842071833447324e-14,1
3902,1.7134962086439163e-06,1.480884005596936e-06,5.410843700636958e-14,1
3903,1.7134962086439163e-06,1.480311115833702e-06,5.437528750890831e-14,1
3904,1.7134962086439163e-06,1.4797385943746111e-06,5.464262222887728e-14,1
3905,1.7134962086439163e-06,1.4791664408886354e-06,5.491044005624392e-14,1
3906,1.7134962086439163e-06,1.4785946550451296e-06,5.517873988312368e-14,1
3907,1.7134962086439163e-06,1.4780232365138295e-06,5.5447520603776635e-14,1
3908,1.7134962086439163e-06,1.477452184964853e-06,5.5716781114602254e-14,1
3909,1.7134962086439163e-06,1.4768815000686974e-06,5.5986520314135815e-14,1
3910,1.7134962086439163e-06,1.4763111814962406e-06,5.62567371030437e-14,1
3911,1.7134962086439163e-06,1.47574122891874e-06,5.652743038411903e-14,1
3912,1.7134962086439163e-06,1.4751716420078322e-06,5.679859906227731e-14,1
3913,1.7134962086439163e-06,1.474602420435532e-06,5.70702420445524e-14,1
3914,1.7134962086439163e-06,1.474033563874232e-06,5.734235824009208e-14,1
3915,1.7134962086439163e-06,1.4734650719967022e-06,5.761494656015361e-14,1
3916,1.7134962086439163e-06,1.4728969444760895e-06,5.788800591809972e-14,1
3917,1.7134962086439163e-06,1.4723291809859174e-06,5.816153522939403e-14,1
3918,1.7134962086439163e-06,1.4717617812000842e-06,5.843553341159734e-14,1
3919,1.7134962086439163e-06,1.4711947447928652e-06,5.870999938436226e-14,1
3920,1.7134962086439163e-06,1.470628071438909e-06,5.898493206943027e-14,1
3921,1.7134962086439163e-06,1.4700617608132386e-06,5.926033039062699e-14,1
3922,1.7134962086439163e-06,1.4694958125912505e-06,5.953619327385779e-14,1
3923,1.7134962086439163e-06,1.4689302264487157e-06,5.98125196471032e-14,1
3924,1.7134962086439163e-06,1.468365002061776e-06,6.008930844041602e-14,1
3925,1.7134962086439163e-06,1.4678001391069463e-06,6.036655858591562e-14,1
3926,1.7134962086439163e-06,1.4672356372611135e-06,6.064426901778455e-14,1
3927,1.7134962086439163e-06,1.4666714962015341e-06,6.092243867226466e-14,1
3928,1.7134962086439163e-06,1.4661077156058367e-06,6.120106648765199e-14,1
3929,1.7134962086439163e-06,1.465544295152019e-06,6.148015140429337e-14,1
3930,1.7134962086439163e-06,1.4649812345184482e-06,6.175969236458211e-14,1
3931,1.7134962086439163e-06,1.4644185333838615e-06,6.203968831295335e-14,1
3932,1.7134962086439163e-06,1.463856191427363e-06,6.232013819588109e-14,1
3933,1.7134962086439163e-06,1.4632942083284254e-06,6.260104096187295e-14,1
3934,1.7134962086439163e-06,1.4627325837668896e-06,6.28823955614662e-14,1
3935,1.7134962086439163e-06,1.462171317422963e-06,6.316420094722407e-14,1
3936,1.7134962086439163e-06,1.4616104089772179e-06,6.344645607373217e-14,1
3937,1.7134962086439163e-06,1.461049858110595e-06,6.372915989759252e-14,1
3938,1.7134962086439163e-06,1.4604896645043988e-06,6.401231137742163e-14,1
3939,1.7134962086439163e-06,1.459929827840299e-06,6.429590947384513e-14,1
3940,1.7134962086439163e-06,1.45937034780033e-06,6.457995314949384e-14,1
3941,1.7134962086439163e-06,1.458811224066889e-06,6.486444136900061e-14,1
3942,1.7134962086439163e-06,1.4582524563227382e-06,6.514937309899495e-14,1
3943,1.7134962086439163e-06,1.4576940442510007e-06,6.543474730810026e-14,1
3944,1.7134962086439163e-06,1.4571359875351639e-06,6.572056296692845e-14,1
3945,1.7134962086439163e-06,1.4565782858590757e-06,6.600681904807734e-14,1
3946,1.7134962086439163e-06,1.4560209389069453e-06,6.629351452612598e-14,1
3947,1.7134962086439163e-06,1.455463946363344e-06,6.658064837763005e-14,1
3948,1.7134962086439163e-06,1.4549073079132019e-06,6.686821958111932e-14,1
3949,1.7134962086439163e-06,1.4543510232418094e-06,6.71562271170924e-14,1
3950,1.7134962086439163e-06,1.4537950920348166e-06,6.744466996801322e-14,1
3951,1.7134962086439163e-06,1.453239513978232e-06,6.773354711830725e-14,1
3952,1.7134962086439163e-06,1.4526842887584223e-06,6.802285755435734e-14,1
3953,1.7134962086439163e-06,1.4521294160621127e-06,6.831260026449955e-14,1
3954,1.7134962086439163e-06,1.4515748955763848e-06,6.860277423901985e-14,1
3955,1.7134962086439163e-06,1.451020726988678e-06,6.889337847014936e-14,1
3956,1.7134962086439163e-06,1.4504669099867867e-06,6.918441195206152e-14,1
3957,1.7134962086439163e-06,1.4499134442588623e-06,6.947587368086691e-14,1
3958,1.7134962086439163e-06,1.449360329493411e-06,6.976776265461041e-14,1
3959,1.7134962086439163e-06,1.4488075653792938e-06,7.006007787326664e-14,1
3960,1.7134962086439163e-06,1.448255151605726e-06,7.035281833873655e-14,1
3961,1.7134962086439163e-06,1.4477030878622776e-06,7.064598305484279e-14,1
3962,1.7134962086439163e-06,1.44715137383887e-06,7.093957102732739e-14,1
3963,1.7134962086439163e-06,1.44660000922578e-06,7.123358126384561e-14,1
3964,1.7134962086439163e-06,1.4460489937136343e-06,7.152801277396446e-14,1
3965,1.7134962086439163e-06,1.4454983269934132e-06,7.182286456915709e-14,1
3966,1.7134962086439163e-06,1.4449480087564474e-06,7.211813566279996e-14,1
3967,1.7134962086439163e-06,1.4443980386944196e-06,7.241382507016823e-14,1
3968,1.7134962086439163e-06,1.443848416499361e-06,7.270993180843332e-14,1
3969,1.7134962086439163e-06,1.443299141863655e-06,7.300645489665696e-14,1
3970,1.7134962086439163e-06,1.4427502144800333e-06,7.330339335578941e-14,1
3971,1.7134962086439163e-06,1.4422016340415755e-06,7.36007462086651e-14,1
3972,1.7134962086439163e-06,1.441653400241712e-06,7.389851247999764e-14,1
3973,1.7134962086439163e-06,1.4411055127742194e-06,7.419669119637774e-14,1
3974,1.7134962086439163e-06,1.4405579713332225e-06,7.449528138626864e-14,1
3975,1.7134962086439163e-06,1.440010775613193e-06,7.479428208000227e-14,1
3976,1.7134962086439163e-06,1.4394639253089488e-06,7.509369230977596e-14,1
3977,1.7134962086439163e-06,1.4389174201156543e-06,7.539351110964806e-14,1
3978,1.7134962086439163e-06,1.4383712597288196e-06,7.569373751553457e-14,1
3979,1.7134962086439163e-06,1.4378254438442999e-06,7.599437056520546e-14,1
3980,1.7134962086439163e-06,1.4372799721582941e-06,7.629540929828118e-14,1
3981,1.7134962086439163e-06,1.436734844367346e-06,7.659685275622845e-14,1
3982,1.7134962086439163e-06,1.4361900601683438e-06,7.689869998235627e-14,1
3983,1.7134962086439163e-06,1.4356456192585173e-06,7.720095002181364e-14,1
3984,1.7134962086439163e-06,1.4351015213354402e-06,7.750360192158419e-14,1
3985,1.7134962086439163e-06,1.4345577660970277e-06,7.780665473048388e-14,1
3986,1.7134962086439163e-06,1.4340143532415378e-06,7.811010749915601e-14,1
3987,1.7134962086439163e-06,1.4334712824675687e-06,7.841395928006896e-14,1
3988,1.7134962086439163e-06,1.4329285534740596e-06,7.871820912751166e-14,1
3989,1.7134962086439163e-06,1.4323861659602911e-06,7.902285609758958e-14,1
3990,1.7134962086439163e-06,1.4318441196258822e-06,7.932789924822261e-14,1
3991,1.7134962086439163e-06,1.4313024141707926e-06,7.963333763913962e-14,1
3992,1.7134962086439163e-06,1.4307610492953197e-06,7.993917033187633e-14,1
3993,1.7134962086439163e-06,1.4302200247001012e-06,8.02453963897702e-14,1
3994,1.7134962086439163e-06,1.4296793400861107e-06,8.055201487795872e-14,1
3995,1.7134962086439163e-06,1.429138995154661e-06,8.085902486337399e-14,1
3996,1.7134962086439163e-06,1.4285989896074006e-06,8.116642541474046e-14,1
3997,1.7134962086439163e-06,1.4280593231463161e-06,8.147421560257014e-14,1
3998,1.7134962086439163e-06,1.4275199954737291e-06,8.178239449916038e-14,1
3999,1.7134962086439163e-06,1.426981006292298e-06,8.209096117858885e-14,1
4000,1.7134962086439163e-06,1.4264423553050145e-06,8.239991471671179e-14,1
4001,1.7134962086439163e-06,1.4259040422152074e-06,8.270925419115823e-14,1
4002,1.7134962086439163e-06,1.4253660667265386e-06,8.301897868132825e-14,1
4003,1.7134962086439163e-06,1.4248284285430033e-06,8.33290872683891e-14,1
4004,1.7134962086439163e-06,1.4242911273689313e-06,8.363957903527071e-14,1
4005,1.7134962086439163e-06,1.4237541629089847e-06,8.395045306666321e-14,1
4006,1.7134962086439163e-06,1.4232175348681584e-06,8.426170844901288e-14,1
4007,1.7134962086439163e-06,1.4226812429517786e-06,8.457334427051925e-14,1
4008,1.7134962086439163e-06,1.4221452868655043e-06,8.48853596211304e-14,1
4009,1.7134962086439163e-06,1.4216096663153239e-06,8.519775359254119e-14,1
4010,1.7134962086439163e-06,1.4210743810075582e-06,8.551052527818793e-14,1
4011,1.7134962086439163e-06,1.420539430648857e-06,8.58236737732465e-14,1
4012,1.7134962086439163e-06,1.4200048149462e-06,8.613719817462792e-14,1
4013,1.7134962086439163e-06,1.419470533606897e-06,8.645109758097486e-14,1
4014,1.7134962086439163e-06,1.418936586338586e-06,8.676537109265887e-14,1
4015,1.7134962086439163e-06,1.4184029728492327e-06,8.708001781177674e-14,1
4016,1.7134962086439163e-06,1.4178696928471324e-06,8.739503684214612e-14,1
4017,1.7134962086439163e-06,1.4173367460409069e-06,8.771042728930336e-14,1
4018,1.7134962086439163e-06,1.4168041321395047e-06,8.802618826049964e-14,1
4019,1.7134962086439163e-06,1.4162718508522012e-06,8.834231886469752e-14,1
4020,1.7134962086439163e-06,1.4157399018885982e-06,8.865881821256712e-14,1
4021,1.7134962086439163e-06,1.4152082849586232e-06,8.897568541648327e-14,1
4022,1.7134962086439163e-06,1.4146769997725289e-06,8.92929195905219e-14,1
4023,1.7134962086439163e-06,1.4141460460408919e-06,8.961051985045718e-14,1
4024,1.7134962086439163e-06,1.4136154234746148e-06,8.992848531375676e-14,1
4025,1.7134962086439163e-06,1.413085131784923e-06,9.024681509958e-14,1
4026,1.7134962086439163e-06,1.4125551706833657e-06,9.05655083287736e-14,1
4027,1.7134962086439163e-06,1.4120255398818144e-06,9.088456412386897e-14,1
4028,1.7134962086439163e-06,1.411496239092465e-06,9.120398160907751e-14,1
4029,1.7134962086439163e-06,1.4109672680278333e-06,9.152375991028952e-14,1
4030,1.7134962086439163e-06,1.4104386264007582e-06,9.184389815506857e-14,1
4031,1.7134962086439163e-06,1.4099103139244e-06,9.216439547264929e-14,1
4032,1.7134962086439163e-06,1.4093823303122387e-06,9.248525099393446e-14,1
4033,1.7134962086439163e-06,1.4088546752780756e-06,9.280646385149065e-14,1
4034,1.7134962086439163e-06,1.4083273485360317e-06,9.312803317954567e-14,1
4035,1.7134962086439163e-06,1.4078003498005478e-06,9.344995811398472e-14,1
4036,1.7134962086439163e-06,1.4072736787863834e-06,9.377223779234769e-14,1
4037,1.7134962086439163e-06,1.4067473352086165e-06,9.409487135382562e-14,1
4038,1.7134962086439163e-06,1.4062213187826436e-06,9.441785793925728e-14,1
4039,1.7134962086439163e-06,1.4056956292241792e-06,9.474119669112592e-14,1
4040,1.7134962086439163e-06,1.4051702662492543e-06,9.506488675355646e-14,1
4041,1.7134962086439163e-06,1.4046452295742177e-06,9.538892727231141e-14,1
4042,1.7134962086439163e-06,1.4041205189157344e-06,9.571331739478827e-14,1
4043,1.7134962086439163e-06,1.4035961339907855e-06,9.603805627001607e-14,1
4044,1.7134962086439163e-06,1.403072074516667e-06,9.636314304865242e-14,1
4045,1.7134962086439163e-06,1.4025483402109912e-06,9.668857688297974e-14,1
4046,1.7134962086439163e-06,1.4020249307916843e-06,9.701435692690233e-14,1
4047,1.7134962086439163e-06,1.4015018459769878e-06,9.734048233594295e-14,1
4048,1.7134962086439163e-06,1.4009790854854556e-06,9.766695226724052e-14,1
4049,1.7134962086439163e-06,1.400456649035956e-06,9.799376587954571e-14,1
4050,1.7134962086439163e-06,1.399934536347671e-06,9.83209223332179e-14,1
4051,1.7134962086439163e-06,1.399412747140094e-06,9.864842079022303e-14,1
4052,1.7134962086439163e-06,1.3988912811330309e-06,9.897626041412951e-14,1
4053,1.7134962086439163e-06,1.3983701380465996e-06,9.930444037010504e-14,1
4054,1.7134962086439163e-06,1.3978493176012295e-06,9.96329598249138e-14,1
4055,1.7134962086439163e-06,1.3973288195176606e-06,9.996181794691324e-14,1
4056,1.7134962086439163e-06,1.3968086435169436e-06,1.002910139060506e-13,1
4057,1.7134962086439163e-06,1.3962887893204385e-06,1.0062054687386074e-13,1
4058,1.7134962086439163e-06,1.395769256649817e-06,1.0095041602346078e-13,1
4059,1.7134962086439163e-06,1.3952500452270573e-06,1.0128062052955015e-13,1
4060,1.7134962086439163e-06,1.3947311547744483e-06,1.0161115956840489e-13,1
4061,1.7134962086439163e-06,1.394212585014587e-06,1.019420323178753e-13,1
4062,1.7134962086439163e-06,1.3936943356703776e-06,1.0227323795738339e-13,1
4063,1.7134962086439163e-06,1.393176406465033e-06,1.0260477566791898e-13,1
4064,1.7134962086439163e-06,1.3926587971220726e-06,1.0293664463203688e-13,1
4065,1.7134962086439163e-06,1.3921415073653222e-06,1.0326884403385446e-13,1
4066,1.7134962086439163e-06,1.391624536918915e-06,1.0360137305904708e-13,1
4067,1.7134962086439163e-06,1.3911078855072885e-06,1.0393423089484679e-13,1
4068,1.7134962086439163e-06,1.3905915528551873e-06,1.0426741673003761e-13,1
4069,1.7134962086439163e-06,1.3900755386876597e-06,1.0460092975495389e-13,1
4070,1.7134962086439163e-06,1.38955984273006e-06,1.0493476916147581e-13,1
4071,1.7134962086439163e-06,1.3890444647080455e-06,1.0526893414302788e-13,1
4072,1.7134962086439163e-06,1.3885294043475786e-06,1.0560342389457431e-13,1
4073,1.7134962086439163e-06,1.3880146613749237e-06,1.059382376126175e-13,1
4074,1.7134962086439163e-06,1.387500235516649e-06,1.0627337449519403e-13,1
4075,1.7134962086439163e-06,1.3869861264996252e-06,1.0660883374187173e-13,1
4076,1.7134962086439163e-06,1.3864723340510257e-06,1.0694461455374668e-13,1
4077,1.7134962086439163e-06,1.385958857898325e-06,1.0728071613344059e-13,1
4078,1.7134962086439163e-06,1.3854456977692988e-06,1.0761713768509757e-13,1
4079,1.7134962086439163e-06,1.3849328533920248e-06,1.0795387841438071e-13,1
4080,1.7134962086439163e-06,1.38442032449488e-06,1.0829093752847005e-13,1
4081,1.7134962086439163e-06,1.3839081108065422e-06,1.086283142360585e-13,1
4082,1.7134962086439163e-06,1.383396212055989e-06,1.089660077473496e-13,1
4083,1.7134962086439163e-06,1.3828846279724975e-06,1.0930401727405407e-13,1
4084,1.7134962086439163e-06,1.3823733582856435e-06,1.0964234202938718e-13,1
4085,1.7134962086439163e-06,1.3818624027253012e-06,1.0998098122806568e-13,1
4086,1.7134962086439163e-06,1.3813517610216428e-06,1.1031993408630521e-13,1
4087,1.7134962086439163e-06,1.380841432905139e-06,1.1065919982181631e-13,1
4088,1.7134962086439163e-06,1.3803314181065571e-06,1.1099877765380243e-13,1
4089,1.7134962086439163e-06,1.3798217163569614e-06,1.1133866680295715e-13,1
4090,1.7134962086439163e-06,1.3793123273877135e-06,1.1167886649145991e-13,1
4091,1.7134962086439163e-06,1.3788032509304703e-06,1.1201937594297457e-13,1
4092,1.7134962086439163e-06,1.3782944867171844e-06,1.1236019438264614e-13,1
4093,1.7134962086439163e-06,1.3777860344801041e-06,1.1270132103709713e-13,1
4094,1.7134962086439163e-06,1.377277893951773e-06,1.130427551344252e-13,1
4095,1.7134962086439163e-06,1.376770064865028e-06,1.1338449590420052e-13,1
4096,1.7134962086439163e-06,1.3762625469530018e-06,1.137265425774622e-13,1
4097,1.7134962086439163e-06,1.3757553399491198e-06,1.140688943867158e-13,1
4098,1.7134962086439163e-06,1.3752484435871006e-06,1.144115505659308e-13,1
4099,1.7134962086439163e-06,1.3747418576009566e-06,1.1475451035053682e-13,1
4100,1.7134962086439163e-06,1.3742355817249921e-06,1.150977729774215e-13,1
4101,1.7134962086439163e-06,1.3737296156938032e-06,1.1544133768492785e-13,1
4102,1.7134962086439163e-06,1.3732239592422796e-06,1.1578520371284967e-13,1
4103,1.7134962086439163e-06,1.3727186121056e-06,1.1612937030243153e-13,1
4104,1.7134962086439163e-06,1.372213574019236e-06,1.1647383669636306e-13,1
4105,1.7134962086439163e-06,1.3717088447189487e-06,1.168186021387783e-13,1
4106,1.7134962086439163e-06,1.3712044239407895e-06,1.1716366587525174e-13,1
4107,1.7134962086439163e-06,1.3707003114211008e-06,1.1750902715279514e-13,1
4108,1.7134962086439163e-06,1.3701965068965126e-06,1.1785468521985632e-13,1
4109,1.7134962086439163e-06,1.3696930101039454e-06,1.1820063932631468e-13,1
4110,1.7134962086439163e-06,1.3691898207806076e-06,1.1854688872347917e-13,1
4111,1.7134962086439163e-06,1.3686869386639965e-06,1.1889343266408525e-13,1
4112,1.7134962086439163e-06,1.3681843634918968e-06,1.1924027040229232e-13,1
4113,1.7134962086439163e-06,1.3676820950023808e-06,1.1958740119368086e-13,1
4114,1.7134962086439163e-06,1.367180132933808e-06,1.1993482429524947e-13,1
4115,1.7134962086439163e-06,1.3666784770248246e-06,1.2028253896541237e-13,1
4116,1.7134962086439163e-06,1.3661771270143628e-06,1.206305444639965e-13,1
4117,1.7134962086439163e-06,1.365676082641642e-06,1.2097884005223798e-13,1
4118,1.7134962086439163e-06,1.3651753436461653e-06,1.2132742499278148e-13,1
4119,1.7134962086439163e-06,1.3646749097677229e-06,1.2167629854967468e-13,1
4120,1.7134962086439163e-06,1.3641747807463885e-06,1.2202545998836774e-13,1
4121,1.7134962086439163e-06,1.3636749563225209e-06,1.2237490857570944e-13,1
4122,1.7134962086439163e-06,1.3631754362367622e-06,1.227246435799451e-13,1
4123,1.7134962086439163e-06,1.3626762202300396e-06,1.2307466427071265e-13,1
4124,1.7134962086439163e-06,1.3621773080435622e-06,1.2342496991904153e-13,1
4125,1.7134962086439163e-06,1.3616786994188226e-06,1.2377555979734892e-13,1
4126,1.7134962086439163e-06,1.3611803940975962e-06,1.2412643317943703e-13,1
4127,1.7134962086439163e-06,1.3606823918219397e-06,1.2447758934049126e-13,1
4128,1.7134962086439163e-06,1.3601846923341931e-06,1.2482902755707584e-13,1
4129,1.7134962086439163e-06,1.3596872953769763e-06,1.251807471071331e-13,1
4130,1.7134962086439163e-06,1.3591902006931907e-06,1.255327472699797e-13,1
4131,1.7134962086439163e-06,1.3586934080260192e-06,1.258850273263033e-13,1
4132,1.7134962086439163e-06,1.3581969171189235e-06,1.2623758655816182e-13,1
4133,1.7134962086439163e-06,1.3577007277156466e-06,1.2659042424897873e-13,1
4134,1.7134962086439163e-06,1.3572048395602104e-06,1.2694353968354155e-13,1
4135,1.7134962086439163e-06,1.356709252396916e-06,1.2729693214799893e-13,1
4136,1.7134962086439163e-06,1.3562139659703433e-06,1.276506009298579e-13,1
4137,1.7134962086439163e-06,1.3557189800253509e-06,1.2800454531798127e-13,1
4138,1.7134962086439163e-06,1.3552242943070748e-06,1.283587646025851e-13,1
4139,1.7134962086439163e-06,1.3547299085609298e-06,1.2871325807523557e-13,1
4140,1.7134962086439163e-06,1.3542358225326065e-06,1.2906802502884744e-13,1
4141,1.7134962086439163e-06,1.3537420359680743e-06,1.2942306475767954e-13,1
4142,1.7134962086439163e-06,1.3532485486135777e-06,1.2977837655733446e-13,1
4143,1.7134962086439163e-06,1.3527553602156377e-06,1.301339597247543e-13,1
4144,1.7134962086439163e-06,1.3522624705210519e-06,1.3048981355821823e-13,1
4145,1.7134962086439163e-06,1.3517698792768923e-06,1.3084593735734072e-13,1
4146,1.7134962086439163e-06,1.3512775862305072e-06,1.3120233042306788e-13,1
4147,1.7134962086439163e-06,1.3507855911295185e-06,1.315589920576758e-13,1
4148,1.7134962086439163e-06,1.3502938937218233e-06,1.3191592156476729e-13,1
4149,1.7134962086439163e-06,1.349802493755592e-06,1.322731182492698e-13,1
4150,1.7134962086439163e-06,1.3493113909792698e-06,1.3263058141743187e-13,1
4151,1.7134962086439163e-06,1.348820585141574e-06,1.3298831037682208e-13,1
4152,1.7134962086439163e-06,1.3483300759914953e-06,1.3334630443632557e-13,1
4153,1.7134962086439163e-06,1.3478398632782972e-06,1.3370456290614092e-13,1
4154,1.7134962086439163e-06,1.347349946751515e-06,1.340630850977789e-13,1
4155,1.7134962086439163e-06,1.346860326160956e-06,1.3442187032405911e-13,1
4156,1.7134962086439163e-06,1.3463710012566991e-06,1.3478091789910725e-13,1
4157,1.7134962086439163e-06,1.3458819717890947e-06,1.3514022713835293e-13,1
4158,1.7134962086439163e-06,1.3453932375087625e-06,1.354997973585279e-13,1
4159,1.7134962086439163e-06,1.3449047981665947e-06,1.358596278776614e-13,1
4160,1.7134962086439163e-06,1.344416653513752e-06,1.362197180150801e-13,1
4161,1.7134962086439163e-06,1.3439288033016652e-06,1.3658006709140374e-13,1
4162,1.7134962086439163e-06,1.3434412472820346e-06,1.369406744285438e-13,1
4163,1.7134962086439163e-06,1.3429539852068293e-06,1.3730153934970013e-13,1
4164,1.7134962086439163e-06,1.3424670168282873e-06,1.3766266117935883e-13,1
4165,1.7134962086439163e-06,1.3419803418989145e-06,1.3802403924328994e-13,1
4166,1.7134962086439163e-06,1.341493960171485e-06,1.3838567286854447e-13,1
4167,1.7134962086439163e-06,1.3410078713990406e-06,1.3874756138345225e-13,1
4168,1.7134962086439163e-06,1.3405220753348898e-06,1.3910970411761952e-13,1
4169,1.7134962086439163e-06,1.3400365717326078e-06,1.3947210040192643e-13,1
4170,1.7134962086439163e-06,1.3395513603460375e-06,1.398347495685236e-13,1
4171,1.7134962086439163e-06,1.3390664409292867e-06,1.4019765095083155e-13,1
4172,1.7134962086439163e-06,1.3385818132367294e-06,1.4056080388353653e-13,1
4173,1.7134962086439163e-06,1.3380974770230054e-06,1.409242077025887e-13,1
4174,1.7134962086439163e-06,1.3376134320430188e-06,1.4128786174520024e-13,1
4175,1.7134962086439163e-06,1.3371296780519398e-06,1.4165176534984122e-13,1
4176,1.7134962086439163e-06,1.3366462148052018e-06,1.420159178562392e-13,1
4177,1.7134962086439163e-06,1.336163042058502e-06,1.4238031860537605e-13,1
4178,1.7134962086439163e-06,1.3356801595678025e-06,1.4274496693948447e-13,1
4179,1.7134962086439163e-06,1.335197567089328e-06,1.431098622020469e-13,1
4180,1.7134962086439163e-06,1.3347152643795663e-06,1.4347500373779268e-13,1
4181,1.7134962086439163e-06,1.3342332511952679e-06,1.4384039089269534e-13,1
4182,1.7134962086439163e-06,1.3337515272934457e-06,1.4420602301397045e-13,1
4183,1.7134962086439163e-06,1.3332700924313743e-06,1.445718994500735e-13,1
4184,1.7134962086439163e-06,1.3327889463665905e-06,1.449380195506966e-13,1
4185,1.7134962086439163e-06,1.3323080888568914e-06,1.4530438266676728e-13,1
4186,1.7134962086439163e-06,1.3318275196603362e-06,1.4567098815044486e-13,1
4187,1.7134962086439163e-06,1.3313472385352436e-06,1.4603783535511925e-13,1
4188,1.7134962086439163e-06,1.3308672452401933e-06,1.4640492363540766e-13,1
4189,1.7134962086439163e-06,1.3303875395340248e-06,1.4677225234715233e-13,1
4190,1.7134962086439163e-06,1.3299081211758367e-06,1.471398208474191e-13,1
4191,1.7134962086439163e-06,1.3294289899249877e-06,1.475076284944934e-13,1
4192,1.7134962086439163e-06,1.328950145541094e-06,1.4787567464787986e-13,1
4193,1.7134962086439163e-06,1.3284715877840315e-06,1.4824395866829806e-13,1
4194,1.7134962086439163e-06,1.3279933164139341e-06,1.4861247991768128e-13,1
4195,1.7134962086439163e-06,1.3275153311911936e-06,1.489812377591738e-13,1
4196,1.7134962086439163e-06,1.3270376318764586e-06,1.49350231557129e-13,1
4197,1.7134962086439163e-06,1.3265602182306359e-06,1.4971946067710626e-13,1
4198,1.7134962086439163e-06,1.3260830900148887e-06,1.5008892448586906e-13,1
4199,1.7134962086439163e-06,1.3256062469906362e-06,1.5045862235138311e-13,1
4200,1.7134962086439163e-06,1.3251296889195546e-06,1.508285536428131e-13,1
4201,1.7134962086439163e-06,1.3246534155635758e-06,1.5119871773052054e-13,1
4202,1.7134962086439163e-06,1.3241774266848867e-06,1.5156911398606246e-13,1
4203,1.7134962086439163e-06,1.3237017220459298e-06,1.5193974178218795e-13,1
4204,1.7134962086439163e-06,1.3232263014094023e-06,1.5231060049283622e-13,1
4205,1.7134962086439163e-06,1.3227511645382555e-06,1.5268168949313483e-13,1
4206,1.7134962086439163e-06,1.3222763111956961e-06,1.5305300815939595e-13,1
4207,1.7134962086439163e-06,1.3218017411451832e-06,1.5342455586911612e-13,1
4208,1.7134962086439163e-06,1.3213274541504303e-06,1.5379633200097212e-13,1
4209,1.7134962086439163e-06,1.3208534499754035e-06,1.5416833593482003e-13,1
4210,1.7134962086439163e-06,1.3203797283843222e-06,1.545405670516919e-13,1
4211,1.7134962086439163e-06,1.319906289141658e-06,1.5491302473379428e-13,1
4212,1.7134962086439163e-06,1.319433132012135e-06,1.5528570836450521e-13,1
4213,1.7134962086439163e-06,1.3189602567607288e-06,1.5565861732837289e-13,1
4214,1.7134962086439163e-06,1.3184876631526667e-06,1.5603175101111268e-13,1
4215,1.7134962086439163e-06,1.318015350953427e-06,1.564051087996051e-13,1
4216,1.7134962086439163e-06,1.3175433199287392e-06,1.5677869008189344e-13,1
4217,1.7134962086439163e-06,1.317071569844583e-06,1.5715249424718186e-13,1
4218,1.7134962086439163e-06,1.316600100467189e-06,1.5752652068583242e-13,1
4219,1.7134962086439163e-06,1.3161289115630365e-06,1.5790076878936421e-13,1
4220,1.7134962086439163e-06,1.315658002898855e-06,1.5827523795044984e-13,1
4221,1.7134962086439163e-06,1.3151873742416234e-06,1.586499275629132e-13,1
4222,1.7134962086439163e-06,1.3147170253585693e-06,1.5902483702172843e-13,1
4223,1.7134962086439163e-06,1.314246956017169e-06,1.5939996572301627e-13,1
4224,1.7134962086439163e-06,1.3137771659851466e-06,1.5977531306404337e-13,1
4225,1.7134962086439163e-06,1.3133076550304749e-06,1.6015087844321832e-13,1
4226,1.7134962086439163e-06,1.3128384229213738e-06,1.6052666126009079e-13,1
4227,1.7134962086439163e-06,1.31236946942631e-06,1.6090266091534957e-13,1
4228,1.7134962086439163e-06,1.3119007943139985e-06,1.6127887681081837e-13,1
4229,1.7134962086439163e-06,1.3114323973533995e-06,1.6165530834945637e-13,1
4230,1.7134962086439163e-06,1.3109642783137207e-06,1.6203195493535347e-13,1
4231,1.7134962086439163e-06,1.3104964369644148e-06,1.6240881597373042e-13,1
4232,1.7134962086439163e-06,1.3100288730751811e-06,1.6278589087093437e-13,1
4233,1.7134962086439163e-06,1.3095615864159636e-06,1.631631790344389e-13,1
4234,1.7134962086439163e-06,1.3090945767569513e-06,1.6354067987284037e-13,1
4235,1.7134962086439163e-06,1.3086278438685787e-06,1.639183927958559e-13,1
4236,1.7134962086439163e-06,1.3081613875215235e-06,1.642963172143222e-13,1
4237,1.7134962086439163e-06,1.307695207486709e-06,1.6467445254019178e-13,1
4238,1.7134962086439163e-06,1.3072293035353005e-06,1.6505279818653304e-13,1
4239,1.7134962086439163e-06,1.3067636754387082e-06,1.6543135356752576e-13,1
4240,1.7134962086439163e-06,1.3062983229685847e-06,1.658101180984605e-13,1
4241,1.7134962086439163e-06,1.3058332458968258e-06,1.661890911957357e-13,1
4242,1.7134962086439163e-06,1.3053684439955695e-06,1.665682722768564e-13,1
4243,1.7134962086439163e-06,1.3049039170371959e-06,1.669476607604313e-13,1
4244,1.7134962086439163e-06,1.3044396647943274e-06,1.6732725606617066e-13,1
4245,1.7134962086439163e-06,1.303975687039828e-06,1.6770705761488455e-13,1
4246,1.7134962086439163e-06,1.3035119835468017e-06,1.6808706482848153e-13,1
4247,1.7134962086439163e-06,1.3030485540885954e-06,1.6846727712996406e-13,1
4248,1.7134962086439163e-06,1.3025853984387955e-06,1.6884769394342888e-13,1
4249,1.7134962086439163e-06,1.3021225163712282e-06,1.692283146940643e-13,1
4250,1.7134962086439163e-06,1.3016599076599607e-06,1.6960913880814727e-13,1
4251,1.7134962086439163e-06,1.3011975720792999e-06,1.699901657130417e-13,1
4252,1.7134962086439163e-06,1.300735509403791e-06,1.7037139483719718e-13,1
4253,1.7134962086439163e-06,1.3002737194082194e-06,1.7075282561014569e-13,1
4254,1.7134962086439163e-06,1.2998122018676084e-06,1.7113445746250044e-13,1
4255,1.7134962086439163e-06,1.2993509565572204e-06,1.7151628982595293e-13,1
4256,1.7134962086439163e-06,1.2988899832525553e-06,1.7189832213327207e-13,1
4257,1.7134962086439163e-06,1.298429281729352e-06,1.7228055381830025e-13,1
4258,1.7134962086439163e-06,1.2979688517635857e-06,1.7266298431595367e-13,1
4259,1.7134962086439163e-06,1.297508693131469e-06,1.7304561306221864e-13,1
4260,1.7134962086439163e-06,1.2970488056094518e-06,1.7342843949414975e-13,1
4261,1.7134962086439163e-06,1.2965891889742206e-06,1.7381146304986806e-13,1
4262,1.7134962086439163e-06,1.2961298430026977e-06,1.7419468316855942e-13,1
4263,1.7134962086439163e-06,1.2956707674720422e-06,1.7457809929047123e-13,1
4264,1.7134962086439163e-06,1.295211962159648e-06,1.7496171085691214e-13,1
4265,1.7134962086439163e-06,1.2947534268431452e-06,1.7534551731024824e-13,1
4266,1.7134962086439163e-06,1.294295161300398e-06,1.7572951809390264e-13,1
4267,1.7134962086439163e-06,1.2938371653095063e-06,1.7611371265235226e-13,1
4268,1.7134962086439163e-06,1.2933794386488043e-06,1.7649810043112588e-13,1
4269,1.7134962086439163e-06,1.2929219810968596e-06,1.7688268087680342e-13,1
4270,1.7134962086439163e-06,1.2924647924324746e-06,1.7726745343701231e-13,1
4271,1.7134962086439163e-06,1.2920078724346847e-06,1.7765241756042634e-13,1
4272,1.7134962086439163e-06,1.291551220882759e-06,1.780375726967632e-13,1
4273,1.7134962086439163e-06,1.2910948375561996e-06,1.7842291829678303e-13,1
4274,1.7134962086439163e-06,1.2906387222347402e-06,1.788084538122866e-13,1
4275,1.7134962086439163e-06,1.2901828746983478e-06,1.791941786961124e-13,1
4276,1.7134962086439163e-06,1.2897272947272219e-06,1.7958009240213482e-13,1
4277,1.7134962086439163e-06,1.2892719821017927e-06,1.7996619438526304e-13,1
4278,1.7134962086439163e-06,1.288816936602722e-06,1.8035248410143872e-13,1
4279,1.7134962086439163e-06,1.288362158010904e-06,1.8073896100763266e-13,1
4280,1.7134962086439163e-06,1.2879076461074618e-06,1.811256245618457e-13,1
4281,1.7134962086439163e-06,1.287453400673751e-06,1.8151247422310311e-13,1
4282,1.7134962086439163e-06,1.2869994214913562e-06,1.8189950945145618e-13,1
4283,1.7134962086439163e-06,1.2865457083420923e-06,1.8228672970797782e-13,1
4284,1.7134962086439163e-06,1.286092261008004e-06,1.8267413445476162e-13,1
4285,1.7134962086439163e-06,1.2856390792713657e-06,1.830617231549196e-13,1
4286,1.7134962086439163e-06,1.2851861629146802e-06,1.8344949527258038e-13,1
4287,1.7134962086439163e-06,1.284733511720679e-06,1.8383745027288788e-13,1
4288,1.7134962086439163e-06,1.2842811254723233e-06,1.8422558762199752e-13,1
4289,1.7134962086439163e-06,1.2838290039528015e-06,1.8461390678707639e-13,1
4290,1.7134962086439163e-06,1.28337714694553e-06,1.8500240723630034e-13,1
4291,1.7134962086439163e-06,1.2829255542341531e-06,1.8539108843885174e-13,1
4292,1.7134962086439163e-06,1.2824742256025422e-06,1.8577994986491865e-13,1
4293,1.7134962086439163e-06,1.282023160834796e-06,1.8616899098569147e-13,1
4294,1.7134962086439163e-06,1.2815723597152396e-06,1.8655821127336233e-13,1
4295,1.7134962086439163e-06,1.2811218220284252e-06,1.8694761020112219e-13,1
4296,1.7134962086439163e-06,1.2806715475591301e-06,1.8733718724316005e-13,1
4297,1.7134962086439163e-06,1.2802215360923588e-06,1.877269418746594e-13,1
4298,1.7134962086439163e-06,1.27977178741334e-06,1.8811687357179838e-13,1
4299,1.7134962086439163e-06,1.2793223013075287e-06,1.885069818117461e-13,1
4300,1.7134962086439163e-06,1.2788730775606047e-06,1.8889726607266147e-13,1
4301,1.7134962086439163e-06,1.2784241159584722e-06,1.8928772583369167e-13,1
4302,1.7134962086439163e-06,1.2779754162872605e-06,1.8967836057496936e-13,1
4303,1.7134962086439163e-06,1.2775269783333222e-06,1.900691697776119e-13,1
4304,1.7134962086439163e-06,1.277078801883234e-06,1.904601529237189e-13,1
4305,1.7134962086439163e-06,1.2766308867237966e-06,1.908513094963698e-13,1
4306,1.7134962086439163e-06,1.276183232642034e-06,1.91242638979623e-13,1
4307,1.7134962086439163e-06,1.2757358394251921e-06,1.9163414085851376e-13,1
4308,1.7134962086439163e-06,1.2752887068607413e-06,1.9202581461905134e-13,1
4309,1.7134962086439163e-06,1.2748418347363727e-06,1.9241765974821907e-13,1
4310,1.7134962086439163e-06,1.2743952228400007e-06,1.928096757339705e-13,1
4311,1.7134962086439163e-06,1.2739488709597612e-06,1.932018620652287e-13,1
4312,1.7134962086439163e-06,1.2735027788840115e-06,1.9359421823188428e-13,1
4313,1.7134962086439163e-06,1.2730569464013304e-06,1.939867437247934e-13,1
4314,1.7134962086439163e-06,1.2726113733005175e-06,1.943794380357759e-13,1
4315,1.7134962086439163e-06,1.272166059370594e-06,1.9477230065761303e-13,1
4316,1.7134962086439163e-06,1.2717210044007997e-06,1.9516533108404744e-13,1
4317,1.7134962086439163e-06,1.2712762081805968e-06,1.955585288097783e-13,1
4318,1.7134962086439163e-06,1.2708316704996657e-06,1.9595189333046276e-13,1
4319,1.7134962086439163e-06,1.270387391147907e-06,1.9634542414271169e-13,1
4320,1.7134962086439163e-06,1.269943369915441e-06,1.9673912074408886e-13,1
4321,1.7134962086439163e-06,1.2694996065926062e-06,1.9713298263310947e-13,1
4322,1.7134962086439163e-06,1.269056100969961e-06,1.9752700930923703e-13,1
4323,1.7134962086439163e-06,1.2686128528382812e-06,1.979212002728833e-13,1
4324,1.7134962086439163e-06,1.2681698619885612e-06,1.9831555502540557e-13,1
4325,1.7134962086439163e-06,1.2677271282120135e-06,1.9871007306910426e-13,1
4326,1.7134962086439163e-06,1.2672846513000684e-06,1.9910475390722205e-13,1
4327,1.7134962086439163e-06,1.2668424310443728e-06,1.9949959704394248e-13,1
4328,1.7134962086439163e-06,1.2664004672367916e-06,1.9989460198438655e-13,1
4329,1.7134962086439163e-06,1.2659587596694062e-06,2.0028976823461232e-13,1
4330,1.7134962086439163e-06,1.265517308134514e-06,2.0068509530161298e-13,1
4331,1.7134962086439163e-06,1.2650761124246296e-06,2.0108058269331437e-13,1
4332,1.7134962086439163e-06,1.2646351723324833e-06,2.0147622991857358e-13,1
4333,1.7134962086439163e-06,1.2641944876510205e-06,2.01872036487178e-13,1
4334,1.7134962086439163e-06,1.2637540581734032e-06,2.022680019098417e-13,1
4335,1.7134962086439163e-06,1.263313883693007e-06,2.0266412569820605e-13,1
4336,1.7134962086439163e-06,1.2628739640034244e-06,2.0306040736483542e-13,1
4337,1.7134962086439163e-06,1.2624342988984604e-06,2.0345684642321782e-13,1
4338,1.7134962086439163e-06,1.2619948881721362e-06,2.0385344238776112e-13,1
4339,1.7134962086439163e-06,1.2615557316186857e-06,2.04250194773793e-13,1
4340,1.7134962086439163e-06,1.2611168290325577e-06,2.0464710309755777e-13,1
4341,1.7134962086439163e-06,1.260678180208414e-06,2.0504416687621537e-13,1
4342,1.7134962086439163e-06,1.2602397849411293e-06,2.0544138562784039e-13,1
4343,1.7134962086439163e-06,1.2598016430257923e-06,2.0583875887141828e-13,1
4344,1.7134962086439163e-06,1.259363754257703e-06,2.0623628612684617e-13,1
4345,1.7134962086439163e-06,1.2589261184323756e-06,2.0663396691492828e-13,1
4346,1.7134962086439163e-06,1.2584887353455354e-06,2.070318007573768e-13,1
4347,1.7134962086439163e-06,1.2580516047931192e-06,2.0742978717680958e-13,1
4348,1.7134962086439163e-06,1.2576147265712766e-06,2.0782792569674656e-13,1
4349,1.7134962086439163e-06,1.2571781004763681e-06,2.0822621584161025e-13,1
4350,1.7134962086439163e-06,1.256741726304965e-06,2.086246571367234e-13,1
4351,1.7134962086439163e-06,1.2563056038538501e-06,2.0902324910830653e-13,1
4352,1.7134962086439163e-06,1.2558697329200159e-06,2.094219912834777e-13,1
4353,1.7134962086439163e-06,1.255434113300666e-06,2.0982088319024892e-13,1
4354,1.7134962086439163e-06,1.254998744793214e-06,2.102199243575262e-13,1
4355,1.7134962086439163e-06,1.2545636271952827e-06,2.1061911431510675e-13,1
4356,1.7134962086439163e-06,1.2541287603047046e-06,2.110184525936784e-13,1
4357,1.7134962086439163e-06,1.2536941439195222e-06,2.114179387248159e-13,1
4358,1.7134962086439163e-06,1.2532597778379864e-06,2.118175722409815e-13,1
4359,1.7134962086439163e-06,1.252825661858556e-06,2.1221735267552277e-13,1
4360,1.7134962086439163e-06,1.2523917957799006e-06,2.1261727956266873e-13,1
4361,1.7134962086439163e-06,1.2519581794008948e-06,2.1301735243753218e-13,1
4362,1.7134962086439163e-06,1.251524812520624e-06,2.1341757083610394e-13,1
4363,1.7134962086439163e-06,1.2510916949383796e-06,2.1381793429525387e-13,1
4364,1.7134962086439163e-06,1.2506588264536614e-06,2.1421844235272812e-13,1
4365,1.7134962086439163e-06,1.2502262068661754e-06,2.1461909454714814e-13,1
4366,1.7134962086439163e-06,1.2497938359758352e-06,2.1501989041800804e-13,1
4367,1.7134962086439163e-06,1.2493617135827606e-06,2.1542082950567405e-13,1
4368,1.7134962086439163e-06,1.2489298394872783e-06,2.158219113513817e-13,1
4369,1.7134962086439163e-06,1.2484982134899202e-06,2.162231354972358e-13,1
4370,1.7134962086439163e-06,1.2480668353914252e-06,2.1662450148620674e-13,1
4371,1.7134962086439163e-06,1.247635704992737e-06,2.1702600886213043e-13,1
4372,1.7134962086439163e-06,1.247204822095005e-06,2.1742765716970632e-13,1
4373,1.7134962086439163e-06,1.2467741864995826e-06,2.1782944595449596e-13,1
4374,1.7134962086439163e-06,1.24634379800803e-06,2.1823137476291981e-13,1
4375,1.7134962086439163e-06,1.2459136564221104e-06,2.186334431422579e-13,1
4376,1.7134962086439163e-06,1.2454837615437916e-06,2.1903565064064707e-13,1
4377,1.7134962086439163e-06,1.245054113175246e-06,2.194379968070788e-13,1
4378,1.7134962086439163e-06,1.2446247111188492e-06,2.1984048119139907e-13,1
4379,1.7134962086439163e-06,1.24419555517718e-06,2.2024310334430578e-13,1
4380,1.7134962086439163e-06,1.2437666451530215e-06,2.2064586281734666e-13,1
4381,1.7134962086439163e-06,1.243337980849359e-06,2.2104875916291882e-13,1
4382,1.7134962086439163e-06,1.2429095620693815e-06,2.214517919342662e-13,1
4383,1.7134962086439163e-06,1.2424813886164786e-06,2.2185496068547953e-13,1
4384,1.7134962086439163e-06,1.2420534602942445e-06,2.2225826497149201e-13,1
4385,1.7134962086439163e-06,1.241625776906474e-06,2.2266170434808032e-13,1
4386,1.7134962086439163e-06,1.2411983382571632e-06,2.2306527837186227e-13,1
4387,1.7134962086439163e-06,1.2407711441505112e-06,2.234689866002941e-13,1
4388,1.7134962086439163e-06,1.2403441943909172e-06,2.2387282859167035e-13,1
4389,1.7134962086439163e-06,1.239917488782982e-06,2.2427680390512144e-13,1
4390,1.7134962086439163e-06,1.2394910271315064e-06,2.2468091210061268e-13,1
4391,1.7134962086439163e-06,1.2390648092414928e-06,2.2508515273894198e-13,1
4392,1.7134962086439163e-06,1.2386388349181426e-06,2.254895253817392e-13,1
4393,1.7134962086439163e-06,1.2382131039668575e-06,2.258940295914641e-13,1
4394,1.7134962086439163e-06,1.2377876161932396e-06,2.262986649314041e-13,1
4395,1.7134962086439163e-06,1.23736237140309e-06,2.2670343096567367e-13,1
4396,1.7134962086439163e-06,1.236937369402409e-06,2.271083272592129e-13,1
4397,1.7134962086439163e-06,1.2365126099973955e-06,2.2751335337778524e-13,1
4398,1.7134962086439163e-06,1.2360880929944484e-06,2.279185088879758e-13,1
4399,1.7134962086439163e-06,1.2356638182001633e-06,2.2832379335719124e-13,1
4400,1.7134962086439163e-06,1.2352397854213356e-06,2.2872920635365624e-13,1
4401,1.7134962086439163e-06,1.2348159944649578e-06,2.2913474744641365e-13,1
4402,1.7134962086439163e-06,1.2343924451382203e-06,2.295404162053219e-13,1
4403,1.7134962086439163e-06,1.2339691372485111e-06,2.2994621220105406e-13,1
4404,1.7134962086439163e-06,1.2335460706034152e-06,2.303521350050961e-13,1
4405,1.7134962086439163e-06,1.233123245010715e-06,2.30758184189745e-13,1
4406,1.7134962086439163e-06,1.2327006602783894e-06,2.3116435932810777e-13,1
4407,1.7134962086439163e-06,1.2322783162146137e-06,2.315706599940999e-13,1
4408,1.7134962086439163e-06,1.2318562126277594e-06,2.319770857624437e-13,1
4409,1.7134962086439163e-06,1.2314343493263944e-06,2.3238363620866635e-13,1
4410,1.7134962086439163e-06,1.231012726119282e-06,2.3279031090909903e-13,1
4411,1.7134962086439163e-06,1.2305913428153815e-06,2.331971094408752e-13,1
4412,1.7134962086439163e-06,1.2301701992238466e-06,2.336040313819294e-13,1
4413,1.7134962086439163e-06,1.2297492951540268e-06,2.3401107631099463e-13,1
4414,1.7134962086439163e-06,1.2293286304154664e-06,2.344182438076022e-13,1
4415,1.7134962086439163e-06,1.2289082048179034e-06,2.3482553345207996e-13,1
4416,1.7134962086439163e-06,1.228488018171271e-06,2.352329448255498e-13,1
4417,1.7134962086439163e-06,1.2280680702856961e-06,2.356404775099274e-13,1
4418,1.7134962086439163e-06,1.2276483609714993e-06,2.3604813108792013e-13,1
4419,1.7134962086439163e-06,1.227228890039195e-06,2.3645590514302554e-13,1
4420,1.7134962086439163e-06,1.2268096572994912e-06,2.368637992595298e-13,1
4421,1.7134962086439163e-06,1.2263906625632882e-06,2.37271813022507e-13,1
4422,1.7134962086439163e-06,1.2259719056416798e-06,2.3767994601781654e-13,1
4423,1.7134962086439163e-06,1.2255533863459523e-06,2.3808819783210256e-13,1
4424,1.7134962086439163e-06,1.225135104487584e-06,2.3849656805279214e-13,1
4425,1.7134962086439163e-06,1.2247170598782455e-06,2.389050562680938e-13,1
4426,1.7134962086439163e-06,1.2242992523297998e-06,2.3931366206699565e-13,1
4427,1.7134962086439163e-06,1.2238816816543014e-06,2.397223850392644e-13,1
4428,1.7134962086439163e-06,1.2234643476639952e-06,2.4013122477544476e-13,1
4429,1.7134962086439163e-06,1.2230472501713186e-06,2.405401808668559e-13,1
4430,1.7134962086439163e-06,1.2226303889888992e-06,2.4094925290559183e-13,1
4431,1.7134962086439163e-06,1.2222137639295555e-06,2.41358440484519e-13,1
4432,1.7134962086439163e-06,1.2217973748062965e-06,2.4176774319727533e-13,1
4433,1.7134962086439163e-06,1.2213812214323214e-06,2.4217716063826823e-13,1
4434,1.7134962086439163e-06,1.2209653036210194e-06,2.4258669240267393e-13,1
4435,1.7134962086439163e-06,1.2205496211859692e-06,2.429963380864356e-13,1
4436,1.7134962086439163e-06,1.2201341739409394e-06,2.4340609728626143e-13,1
4437,1.7134962086439163e-06,1.2197189616998879e-06,2.4381596959962406e-13,1
4438,1.7134962086439163e-06,1.2193039842769613e-06,2.442259546247588e-13,1
4439,1.7134962086439163e-06,1.2188892414864954e-06,2.4463605196066205e-13,1
4440,1.7134962086439163e-06,1.2184747331430139e-06,2.4504626120709056e-13,1
4441,1.7134962086439163e-06,1.21806045906123e-06,2.4545658196455833e-13,1
4442,1.7134962086439163e-06,1.2176464190560439e-06,2.4586701383433743e-13,1
4443,1.7134962086439163e-06,1.217232612942544e-06,2.462775564184551e-13,1
4444,1.7134962086439163e-06,1.216819040536007e-06,2.4668820931969235e-13,1
4445,1.7134962086439163e-06,1.2164057016518962e-06,2.4709897214158363e-13,1
4446,1.7134962086439163e-06,1.215992596105862e-06,2.4750984448841443e-13,1
4447,1.7134962086439163e-06,1.2155797237137427e-06,2.479208259652199e-13,1
4448,1.7134962086439163e-06,1.2151670842915626e-06,2.483319161777837e-13,1
4449,1.7134962086439163e-06,1.2147546776555322e-06,2.487431147326374e-13,1
4450,1.7134962086439163e-06,1.2143425036220492e-06,2.4915442123705713e-13,1
4451,1.7134962086439163e-06,1.2139305620076966e-06,2.495658352990644e-13,1
4452,1.7134962086439163e-06,1.2135188526292435e-06,2.499773565274229e-13,1
4453,1.7134962086439163e-06,1.2131073753036438e-06,2.5038898453163907e-13,1
4454,1.7134962086439163e-06,1.2126961298480387e-06,2.508007189219573e-13,1
4455,1.7134962086439163e-06,1.2122851160797518e-06,2.5121255930936355e-13,1
4456,1.7134962086439163e-06,1.211874333816294e-06,2.516245053055787e-13,1
4457,1.7134962086439163e-06,1.2114637828753595e-06,2.520365565230615e-13,1
4458,1.7134962086439163e-06,1.211053463074827e-06,2.5244871257500456e-13,1
4459,1.7134962086439163e-06,1.2106433742327603e-06,2.528609730753335e-13,1
4460,1.7134962086439163e-06,1.2102335161674058e-06,2.5327333763870684e-13,1
4461,1.7134962086439163e-06,1.2098238886971948e-06,2.536858058805126e-13,1
4462,1.7134962086439163e-06,1.2094144916407414e-06,2.5409837741686894e-13,1
4463,1.7134962086439163e-06,1.2090053248168435e-06,2.5451105186462115e-13,1
4464,1.7134962086439163e-06,1.2085963880444817e-06,2.5492382884134126e-13,1
4465,1.7134962086439163e-06,1.2081876811428197e-06,2.5533670796532653e-13,1
4466,1.7134962086439163e-06,1.2077792039312032e-06,2.5574968885559834e-13,1
4467,1.7134962086439163e-06,1.2073709562291611e-06,2.5616277113189967e-13,1
4468,1.7134962086439163e-06,1.206962937856404e-06,2.5657595441469523e-13,1
4469,1.7134962086439163e-06,1.2065551486328248e-06,2.5698923832516907e-13,1
4470,1.7134962086439163e-06,1.2061475883784975e-06,2.574026224852241e-13,1
4471,1.7134962086439163e-06,1.205740256913678e-06,2.578161065174801e-13,1
4472,1.7134962086439163e-06,1.2053331540588033e-06,2.5822969004527263e-13,1
4473,1.7134962086439163e-06,1.2049262796344914e-06,2.586433726926515e-13,1
4474,1.7134962086439163e-06,1.204519633461542e-06,2.5905715408437924e-13,1
4475,1.7134962086439163e-06,1.2041132153609335e-06,2.594710338459314e-13,1
4476,1.7134962086439163e-06,1.2037070251538267e-06,2.5988501160349234e-13,1
4477,1.7134962086439163e-06,1.2033010626615611e-06,2.6029908698395677e-13,1
4478,1.7134962086439163e-06,1.202895327705657e-06,2.607132596149264e-13,1
4479,1.7134962086439163e-06,1.202489820107814e-06,2.6112752912471e-13,1
4480,1.7134962086439163e-06,1.2020845396899111e-06,2.61541895142321e-13,1
4481,1.7134962086439163e-06,1.2016794862740067e-06,2.6195635729747717e-13,1
4482,1.7134962086439163e-06,1.2012746596823385e-06,2.6237091522059804e-13,1
4483,1.7134962086439163e-06,1.200870059737323e-06,2.6278556854280474e-13,1
4484,1.7134962086439163e-06,1.2004656862615545e-06,2.632003168959191e-13,1
4485,1.7134962086439163e-06,1.2000615390778066e-06,2.6361515991246027e-13,1
4486,1.7134962086439163e-06,1.1996576180090306e-06,2.640300972256457e-13,1
4487,1.7134962086439163e-06,1.1992539228783558e-06,2.644451284693884e-13,1
4488,1.7134962086439163e-06,1.19885045350909e-06,2.6486025327829573e-13,1
4489,1.7134962086439163e-06,1.198447209724717e-06,2.6527547128766937e-13,1
4490,1.7134962086439163e-06,1.1980441913488991e-06,2.6569078213350276e-13,1
4491,1.7134962086439163e-06,1.1976413982054754e-06,2.6610618545247987e-13,1
4492,1.7134962086439163e-06,1.1972388301184611e-06,2.6652168088197513e-13,1
4493,1.7134962086439163e-06,1.1968364869120496e-06,2.6693726806004994e-13,1
4494,1.7134962086439163e-06,1.1964343684106092e-06,2.6735294662545404e-13,1
4495,1.7134962086439163e-06,1.1960324744386853e-06,2.6776871621762204e-13,1
4496,1.7134962086439163e-06,1.1956308048209985e-06,2.6818457647667374e-13,1
4497,1.7134962086439163e-06,1.1952293593824465e-06,2.686005270434111e-13,1
4498,1.7134962086439163e-06,1.194828137948101e-06,2.690165675593193e-13,1
4499,1.7134962086439163e-06,1.1944271403432105e-06,2.6943269766656286e-13,1
4500,1.7134962086439163e-06,1.1940263663931974e-06,2.698489170079868e-13,1
4501,1.7134962086439163e-06,1.1936258159236594e-06,2.702652252271142e-13,1
4502,1.7134962086439163e-06,1.1932254887603696e-06,2.7068162196814394e-13,1
4503,1.7134962086439163e-06,1.1928253847292746e-06,2.7109810687595186e-13,1
4504,1.7134962086439163e-06,1.1924255036564957e-06,2.7151467959608755e-13,1
4505,1.7134962086439163e-06,1.1920258453683285e-06,2.7193133977477354e-13,1
4506,1.7134962086439163e-06,1.1916264096912421e-06,2.7234808705890463e-13,1
4507,1.7134962086439163e-06,1.1912271964518795e-06,2.7276492109604593e-13,1
4508,1.7134962086439163e-06,1.1908282054770566e-06,2.731818415344325e-13,1
4509,1.7134962086439163e-06,1.1904294365937634e-06,2.735988480229666e-13,1
4510,1.7134962086439163e-06,1.1900308896291619e-06,2.740159402112187e-13,1
4511,1.7134962086439163e-06,1.1896325644105876e-06,2.744331177494237e-13,1
4512,1.7134962086439163e-06,1.189234460765548e-06,2.7485038028848186e-13,1
4513,1.7134962086439163e-06,1.1888365785217243e-06,2.752677274799554e-13,1
4514,1.7134962086439163e-06,1.1884389175069676e-06,2.7568515897607053e-13,1
4515,1.7134962086439163e-06,1.1880414775493033e-06,2.761026744297121e-13,1
4516,1.7134962086439163e-06,1.187644258476927e-06,2.7652027349442574e-13,1
4517,1.7134962086439163e-06,1.1872472601182062e-06,2.769379558244156e-13,1
4518,1.7134962086439163e-06,1.1868504823016796e-06,2.7735572107454205e-13,1
4519,1.7134962086439163e-06,1.186453924856058e-06,2.777735689003214e-13,1
4520,1.7134962086439163e-06,1.1860575876102215e-06,2.781914989579255e-13,1
4521,1.7134962086439163e-06,1.1856614703932223e-06,2.7860951090417875e-13,1
4522,1.7134962086439163e-06,1.1852655730342824e-06,2.790276043965578e-13,1
4523,1.7134962086439163e-06,1.1848698953627938e-06,2.7944577909319155e-13,1
4524,1.7134962086439163e-06,1.1844744372083195e-06,2.798640346528569e-13,1
4525,1.7134962086439163e-06,1.1840791984005913e-06,2.80282370734981e-13,1
4526,1.7134962086439163e-06,1.1836841787695112e-06,2.8070078699963757e-13,1
4527,1.7134962086439163e-06,1.1832893781451511e-06,2.8111928310754636e-13,1
4528,1.7134962086439163e-06,1.1828947963577513e-06,2.8153785872007294e-13,1
4529,1.7134962086439163e-06,1.1825004332377216e-06,2.8195651349922605e-13,1
4530,1.7134962086439163e-06,1.1821062886156403e-06,2.823752471076576e-13,1
4531,1.7134962086439163e-06,1.181712362322255e-06,2.827940592086604e-13,1
4532,1.7134962086439163e-06,1.1813186541884809e-06,2.83212949466168e-13,1
4533,1.7134962086439163e-06,1.1809251640454018e-06,2.8363191754475294e-13,1
4534,1.7134962086439163e-06,1.1805318917242696e-06,2.8405096310962564e-13,1
4535,1.7134962086439163e-06,1.1801388370565042e-06,2.8447008582663285e-13,1
4536,1.7134962086439163e-06,1.1797459998736923e-06,2.848892853622578e-13,1
4537,1.7134962086439163e-06,1.1793533800075892e-06,2.8530856138361677e-13,1
4538,1.7134962086439163e-06,1.1789609772901158e-06,2.8572791355846104e-13,1
4539,1.7134962086439163e-06,1.1785687915533618e-06,2.8614734155517215e-13,1
4540,1.7134962086439163e-06,1.1781768226295822e-06,2.8656684504276365e-13,1
4541,1.7134962086439163e-06,1.1777850703511996e-06,2.869864236908783e-13,1
4542,1.7134962086439163e-06,1.1773935345508022e-06,2.8740607716978773e-13,1
4543,1.7134962086439163e-06,1.1770022150611452e-06,2.878258051503905e-13,1
4544,1.7134962086439163e-06,1.176611111715149e-06,2.88245607304212e-13,1
4545,1.7134962086439163e-06,1.1762202243459002e-06,2.8866548330340205e-13,1
4546,1.7134962086439163e-06,1.1758295527866512e-06,2.8908543282073477e-13,1
4547,1.7134962086439163e-06,1.1754390968708193e-06,2.8950545552960707e-13,1
4548,1.7134962086439163e-06,1.1750488564319872e-06,2.899255511040373e-13,1
4549,1.7134962086439163e-06,1.1746588313039023e-06,2.903457192186647e-13,1
4550,1.7134962086439163e-06,1.1742690213204773e-06,2.907659595487472e-13,1
4551,1.7134962086439163e-06,1.1738794263157898e-06,2.9118627177016073e-13,1
4552,1.7134962086439163e-06,1.17349004612408e-06,2.916066555594e-13,1
4553,1.7134962086439163e-06,1.1731008805797545e-06,2.9202711059357307e-13,1
4554,1.7134962086439163e-06,1.1727119295173823e-06,2.9244763655040507e-13,1
4555,1.7134962086439163e-06,1.1723231927716972e-06,2.928682331082331e-13,1
4556,1.7134962086439163e-06,1.1719346701775956e-06,2.9328889994600816e-13,1
4557,1.7134962086439163e-06,1.1715463615701384e-06,2.9370963674329136e-13,1
4558,1.7134962086439163e-06,1.171158266784549e-06,2.941304431802546e-13,1
4559,1.7134962086439163e-06,1.170770385656214e-06,2.945513189376789e-13,1
4560,1.7134962086439163e-06,1.1703827180206823e-06,2.9497226369695377e-13,1
4561,1.7134962086439163e-06,1.1699952637136664e-06,2.9539327714007456e-13,1
4562,1.7134962086439163e-06,1.1696080225710403e-06,2.958143589496435e-13,1
4563,1.7134962086439163e-06,1.1692209944288406e-06,2.962355088088666e-13,1
4564,1.7134962086439163e-06,1.1688341791232659e-06,2.966567264015539e-13,1
4565,1.7134962086439163e-06,1.1684475764906768e-06,2.970780114121175e-13,1
4566,1.7134962086439163e-06,1.168061186367595e-06,2.974993635255711e-13,1
4567,1.7134962086439163e-06,1.167675008590704e-06,2.9792078242752876e-13,1
4568,1.7134962086439163e-06,1.1672890429968488e-06,2.9834226780420305e-13,1
4569,1.7134962086439163e-06,1.1669032894230347e-06,2.9876381934240527e-13,1
4570,1.7134962086439163e-06,1.1665177477064285e-06,2.991854367295429e-13,1
4571,1.7134962086439163e-06,1.1661324176843572e-06,2.9960711965361997e-13,1
4572,1.7134962086439163e-06,1.1657472991943086e-06,3.0002886780323463e-13,1
4573,1.7134962086439163e-06,1.165362392073931e-06,3.0045068086757834e-13,1
4574,1.7134962086439163e-06,1.1649776961610316e-06,3.008725585364366e-13,1
4575,1.7134962086439163e-06,1.164593211293579e-06,3.012945005001845e-13,1
4576,1.7134962086439163e-06,1.1642089373097004e-06,3.017165064497886e-13,1
4577,1.7134962086439163e-06,1.1638248740476833e-06,3.0213857607680397e-13,1
4578,1.7134962086439163e-06,1.1634410213459734e-06,3.0256070907337516e-13,1
4579,1.7134962086439163e-06,1.1630573790431762e-06,3.029829051322326e-13,1
4580,1.7134962086439163e-06,1.162673946978057e-06,3.034051639466925e-13,1
4581,1.7134962086439163e-06,1.1622907249895383e-06,3.0382748521065683e-13,1
4582,1.7134962086439163e-06,1.1619077129167015e-06,3.0424986861861174e-13,1
4583,1.7134962086439163e-06,1.161524910598787e-06,3.04672313865625e-13,1
4584,1.7134962086439163e-06,1.161142317875193e-06,3.050948206473467e-13,1
4585,1.7134962086439163e-06,1.1607599345854754e-06,3.055173886600079e-13,1
4586,1.7134962086439163e-06,1.1603777605693482e-06,3.059400176004188e-13,1
4587,1.7134962086439163e-06,1.1599957956666827e-06,3.063627071659682e-13,1
4588,1.7134962086439163e-06,1.1596140397175081e-06,3.0678545705462217e-13,1
4589,1.7134962086439163e-06,1.1592324925620108e-06,3.072082669649232e-13,1
4590,1.7134962086439163e-06,1.1588511540405332e-06,3.076311365959899e-13,1
4591,1.7134962086439163e-06,1.1584700239935756e-06,3.080540656475142e-13,1
4592,1.7134962086439163e-06,1.1580891022617944e-06,3.084770538197617e-13,1
4593,1.7134962086439163e-06,1.157708388686003e-06,3.0890010081356993e-13,1
4594,1.7134962086439163e-06,1.1573278831071704e-06,3.0932320633034787e-13,1
4595,1.7134962086439163e-06,1.1569475853664222e-06,3.0974637007207407e-13,1
4596,1.7134962086439163e-06,1.1565674953050394e-06,3.1016959174129694e-13,1
4597,1.7134962086439163e-06,1.1561876127644595e-06,3.1059287104113175e-13,1
4598,1.7134962086439163e-06,1.1558079375862746e-06,3.110162076752617e-13,1
4599,1.7134962086439163e-06,1.1554284696122325e-06,3.114396013479356e-13,1
4600,1.7134962086439163e-06,1.1550492086842368e-06,3.118630517639664e-13,1
4601,1.7134962086439163e-06,1.1546701546443444e-06,3.122865586287325e-13,1
4602,1.7134962086439163e-06,1.154291307334769e-06,3.127101216481732e-13,1
4603,1.7134962086439163e-06,1.1539126665978774e-06,3.13133740528791e-13,1
4604,1.7134962086439163e-06,1.1535342322761917e-06,3.1355741497764817e-13,1
4605,1.7134962086439163e-06,1.1531560042123875e-06,3.1398114470236756e-13,1
4606,1.7134962086439163e-06,1.1527779822492949e-06,3.1440492941112996e-13,1
4607,1.7134962086439163e-06,1.152400166229898e-06,3.1482876881267385e-13,1
4608,1.7134962086439163e-06,1.1520225559973338e-06,3.152526626162953e-13,1
4609,1.7134962086439163e-06,1.1516451513948939e-06,3.1567661053184433e-13,1
4610,1.7134962086439163e-06,1.151267952266022e-06,3.1610061226972727e-13,1
4611,1.7134962086439163e-06,1.1508909584543157e-06,3.165246675409031e-13,1
4612,1.7134962086439163e-06,1.1505141698035258e-06,3.16948776056883e-13,1
4613,1.7134962086439163e-06,1.1501375861575547e-06,3.1737293752973096e-13,1
4614,1.7134962086439163e-06,1.1497612073604584e-06,3.1779715167206027e-13,1
4615,1.7134962086439163e-06,1.1493850332564451e-06,3.182214181970343e-13,1
4616,1.7134962086439163e-06,1.1490090636898748e-06,3.186457368183652e-13,1
4617,1.7134962086439163e-06,1.14863329850526e-06,3.1907010725031176e-13,1
4618,1.7134962086439163e-06,1.1482577375472648e-06,3.194945292076802e-13,1
4619,1.7134962086439163e-06,1.1478823806607048e-06,3.19919002405822e-13,1
4620,1.7134962086439163e-06,1.1475072276905473e-06,3.2034352656063313e-13,1
4621,1.7134962086439163e-06,1.1471322784819111e-06,3.2076810138855273e-13,1
4622,1.7134962086439163e-06,1.1467575328800656e-06,3.2119272660656315e-13,1
4623,1.7134962086439163e-06,1.146382990730432e-06,3.2161740193218724e-13,1
4624,1.7134962086439163e-06,1.146008651878581e-06,3.2204212708348977e-13,1
4625,1.7134962086439163e-06,1.1456345161702347e-06,3.2246690177907417e-13,1
4626,1.7134962086439163e-06,1.145260583451266e-06,3.228917257380822e-13,1
4627,1.7134962086439163e-06,1.1448868535676968e-06,3.233165986801943e-13,1
4628,1.7134962086439163e-06,1.1445133263657006e-06,3.237415203256259e-13,1
4629,1.7134962086439163e-06,1.1441400016915987e-06,3.2416649039513034e-13,1
4630,1.7134962086439163e-06,1.1437668793918645e-06,3.245915086099929e-13,1
4631,1.7134962086439163e-06,1.143393959313119e-06,3.250165746920346e-13,1
4632,1.7134962086439163e-06,1.1430212413021332e-06,3.254416883636085e-13,1
4633,1.7134962086439163e-06,1.1426487252058279e-06,3.258668493475987e-13,1
4634,1.7134962086439163e-06,1.1422764108712715e-06,3.2629205736742134e-13,1
4635,1.7134962086439163e-06,1.1419042981456824e-06,3.267173121470211e-13,1
4636,1.7134962086439163e-06,1.1415323868764273e-06,3.27142613410872e-13,1
4637,1.7134962086439163e-06,1.1411606769110206e-06,3.275679608839765e-13,1
4638,1.7134962086439163e-06,1.1407891680971261e-06,3.279933542918628e-13,1
4639,1.7134962086439163e-06,1.140417860282555e-06,3.284187933605858e-13,1
4640,1.7134962086439163e-06,1.140046753315267e-06,3.288442778167247e-13,1
4641,1.7134962086439163e-06,1.1396758470433685e-06,3.2926980738738345e-13,1
4642,1.7134962086439163e-06,1.1393051413151146e-06,3.296953818001885e-13,1
4643,1.7134962086439163e-06,1.138934635978907e-06,3.3012100078328873e-13,1
4644,1.7134962086439163e-06,1.138564330883295e-06,3.3054666406535397e-13,1
4645,1.7134962086439163e-06,1.1381942258769752e-06,3.309723713755738e-13,1
4646,1.7134962086439163e-06,1.13782432080879e-06,3.3139812244365815e-13,1
4647,1.7134962086439163e-06,1.1374546155277298e-06,3.318239169998342e-13,1
4648,1.7134962086439163e-06,1.1370851098829308e-06,3.3224975477484665e-13,1
4649,1.7134962086439163e-06,1.1367158037236756e-06,3.3267563549995685e-13,1
4650,1.7134962086439163e-06,1.136346696899393e-06,3.3310155890694174e-13,1
4651,1.7134962086439163e-06,1.135977789259658e-06,3.3352752472809217e-13,1
4652,1.7134962086439163e-06,1.1356090806541912e-06,3.33953532696213e-13,1
4653,1.7134962086439163e-06,1.1352405709328585e-06,3.3437958254462217e-13,1
4654,1.7134962086439163e-06,1.1348722599456727e-06,3.3480567400714773e-13,1
4655,1.7134962086439163e-06,1.13450414754279e-06,3.3523180681813046e-13,1
4656,1.7134962086439163e-06,1.1341362335745131e-06,3.356579807124195e-13,1
4657,1.7134962086439163e-06,1.133768517891289e-06,3.3608419542537387e-13,1
4658,1.7134962086439163e-06,1.13340100034371e-06,3.365104506928599e-13,1
4659,1.7134962086439163e-06,1.1330336807825123e-06,3.3693674625125126e-13,1
4660,1.7134962086439163e-06,1.132666559058577e-06,3.37363081837428e-13,1
4661,1.7134962086439163e-06,1.1322996350229302e-06,3.377894571887743e-13,1
4662,1.7134962086439163e-06,1.1319329085267406e-06,3.382158720431802e-13,1
4663,1.7134962086439163e-06,1.131566379421322e-06,3.386423261390378e-13,1
4664,1.7134962086439163e-06,1.1312000475581313e-06,3.390688192152425e-13,1
4665,1.7134962086439163e-06,1.1308339127887692e-06,3.3949535101119105e-13,1
4666,1.7134962086439163e-06,1.1304679749649805e-06,3.3992192126677984e-13,1
4667,1.7134962086439163e-06,1.1301022339386522e-06,3.403485297224064e-13,1
4668,1.7134962086439163e-06,1.1297366895618147e-06,3.4077517611896663e-13,1
4669,1.7134962086439163e-06,1.1293713416866418e-06,3.412018601978537e-13,1
4670,1.7134962086439163e-06,1.1290061901654498e-06,3.4162858170095815e-13,1
4671,1.7134962086439163e-06,1.1286412348506974e-06,3.4205534037066685e-13,1
4672,1.7134962086439163e-06,1.1282764755949855e-06,3.424821359498618e-13,1
4673,1.7134962086439163e-06,1.1279119122510583e-06,3.4290896818191863e-13,1
4674,1.7134962086439163e-06,1.1275475446718008e-06,3.433358368107072e-13,1
4675,1.7134962086439163e-06,1.1271833727102407e-06,3.437627415805892e-13,1
4676,1.7134962086439163e-06,1.126819396219547e-06,3.441896822364187e-13,1
4677,1.7134962086439163e-06,1.126455615053031e-06,3.44616658523539e-13,1
4678,1.7134962086439163e-06,1.1260920290641444e-06,3.4504367018778496e-13,1
4679,1.7134962086439163e-06,1.1257286381064811e-06,3.454707169754789e-13,1
4680,1.7134962086439163e-06,1.1253654420337753e-06,3.458977986334322e-13,1
4681,1.7134962086439163e-06,1.1250024406999029e-06,3.4632491490894234e-13,1
4682,1.7134962086439163e-06,1.1246396339588795e-06,3.4675206554979436e-13,1
4683,1.7134962086439163e-06,1.1242770216648626e-06,3.4717925030425713e-13,1
4684,1.7134962086439163e-06,1.1239146036721487e-06,3.476064689210855e-13,1
4685,1.7134962086439163e-06,1.123552379835176e-06,3.4803372114951627e-13,1
4686,1.7134962086439163e-06,1.1231903500085212e-06,3.484610067392711e-13,1
4687,1.7134962086439163e-06,1.1228285140469027e-06,3.4888832544055095e-13,1
4688,1.7134962086439163e-06,1.1224668718051773e-06,3.4931567700403966e-13,1
4689,1.7134962086439163e-06,1.1221054231383416e-06,3.4974306118090075e-13,1
4690,1.7134962086439163e-06,1.1217441679015325e-06,3.5017047772277584e-13,1
4691,1.7134962086439163e-06,1.1213831059500247e-06,3.5059792638178704e-13,1
4692,1.7134962086439163e-06,1.1210222371392336e-06,3.5102540691053163e-13,1
4693,1.7134962086439163e-06,1.1206615613247123e-06,3.51452919062085e-13,1
4694,1.7134962086439163e-06,1.1203010783621534e-06,3.5188046258999777e-13,1
4695,1.7134962086439163e-06,1.1199407881073877e-06,3.523080372482954e-13,1
4696,1.7134962086439163e-06,1.1195806904163845e-06,3.5273564279147764e-13,1
4697,1.7134962086439163e-06,1.119220785145252e-06,3.5316327897451677e-13,1
4698,1.7134962086439163e-06,1.1188610721502357e-06,3.5359094555285817e-13,1
4699,1.7134962086439163e-06,1.1185015512877193e-06,3.5401864228241833e-13,1
4700,1.7134962086439163e-06,1.1181422224142245e-06,3.544463689195841e-13,1
4701,1.7134962086439163e-06,1.1177830853864106e-06,3.548741252212123e-13,1
4702,1.7134962086439163e-06,1.1174241400610745e-06,3.553019109446282e-13,1
4703,1.7134962086439163e-06,1.1170653862951498e-06,3.5572972584762595e-13,1
4704,1.7134962086439163e-06,1.116706823945708e-06,3.5615756968846617e-13,1
4705,1.7134962086439163e-06,1.1163484528699573e-06,3.565854422258759e-13,1
4706,1.7134962086439163e-06,1.1159902729252423e-06,3.570133432190482e-13,1
4707,1.7134962086439163e-06,1.1156322839690454e-06,3.574412724276398e-13,1
4708,1.7134962086439163e-06,1.1152744858589844e-06,3.5786922961177196e-13,1
4709,1.7134962086439163e-06,1.114916878452814e-06,3.582972145320287e-13,1
4710,1.7134962086439163e-06,1.1145594616084247e-06,3.587252269494565e-13,1
4711,1.7134962086439163e-06,1.1142022351838439e-06,3.5915326662556205e-13,1
4712,1.7134962086439163e-06,1.1138451990372339e-06,3.595813333223136e-13,1
4713,1.7134962086439163e-06,1.113488353026893e-06,3.6000942680213865e-13,1
4714,1.7134962086439163e-06,1.1131316970112559e-06,3.6043754682792293e-13,1
4715,1.7134962086439163e-06,1.1127752308488908e-06,3.6086569316301155e-13,1
4716,1.7134962086439163e-06,1.1124189543985035e-06,3.612938655712047e-13,1
4717,1.7134962086439163e-06,1.112062867518933e-06,3.6172206381676054e-13,1
4718,1.7134962086439163e-06,1.1117069700691543e-06,3.621502876643919e-13,1
4719,1.7134962086439163e-06,1.1113512619082768e-06,3.625785368792662e-13,1
4720,1.7134962086439163e-06,1.1109957428955443e-06,3.630068112270053e-13,1
4721,1.7134962086439163e-06,1.1106404128903352e-06,3.634351104736835e-13,1
4722,1.7134962086439163e-06,1.110285271752163e-06,3.638634343858269e-13,1
4723,1.7134962086439163e-06,1.1099303193406738e-06,3.64291782730414e-13,1
4724,1.7134962086439163e-06,1.109575555515649e-06,3.6472015527487303e-13,1
4725,1.7134962086439163e-06,1.1092209801370033e-06,3.6514855178708195e-13,1
4726,1.7134962086439163e-06,1.1088665930647852e-06,3.6557697203536784e-13,1
4727,1.7134962086439163e-06,1.108512394159176e-06,3.6600541578850666e-13,1
4728,1.7134962086439163e-06,1.1081583832804922e-06,3.6643388281571947e-13,1
4729,1.7134962086439163e-06,1.1078045602891815e-06,3.6686237288667574e-13,1
4730,1.7134962086439163e-06,1.1074509250458255e-06,3.672908857714904e-13,1
4731,1.7134962086439163e-06,1.107097477411139e-06,3.6771942124072215e-13,1
4732,1.7134962086439163e-06,1.106744217245969e-06,3.681479790653748e-13,1
4733,1.7134962086439163e-06,1.1063911444112957e-06,3.6857655901689447e-13,1
4734,1.7134962086439163e-06,1.1060382587682307e-06,3.6900516086717106e-13,1
4735,1.7134962086439163e-06,1.1056855601780188e-06,3.694337843885349e-13,1
4736,1.7134962086439163e-06,1.105333048502037e-06,3.698624293537573e-13,1
4737,1.7134962086439163e-06,1.1049807236017935e-06,3.7029109553605006e-13,1
4738,1.7134962086439163e-06,1.1046285853389288e-06,3.707197827090642e-13,1
4739,1.7134962086439163e-06,1.1042766335752152e-06,3.711484906468888e-13,1
4740,1.7134962086439163e-06,1.1039248681725562e-06,3.7157721912405086e-13,1
4741,1.7134962086439163e-06,1.103573288992987e-06,3.720059679155139e-13,1
4742,1.7134962086439163e-06,1.1032218958986734e-06,3.7243473679667865e-13,1
4743,1.7134962086439163e-06,1.102870688751913e-06,3.7286352554337926e-13,1
4744,1.7134962086439163e-06,1.1025196674151337e-06,3.732923339318863e-13,1
4745,1.7134962086439163e-06,1.1021688317508946e-06,3.737211617389026e-13,1
4746,1.7134962086439163e-06,1.1018181816218852e-06,3.7415000874156467e-13,1
4747,1.7134962086439163e-06,1.1014677168909255e-06,3.745788747174408e-13,1
4748,1.7134962086439163e-06,1.1011174374209656e-06,3.7500775944453104e-13,1
4749,1.7134962086439163e-06,1.1007673430750858e-06,3.75436662701266e-13,1
4750,1.7134962086439163e-06,1.100417433716497e-06,3.7586558426650526e-13,1
4751,1.7134962086439163e-06,1.1000677092085388e-06,3.76294523919539e-13,1
4752,1.7134962086439163e-06,1.0997181694146815e-06,3.767234814400842e-13,1
4753,1.7134962086439163e-06,1.0993688141985244e-06,3.7715245660828605e-13,1
4754,1.7134962086439163e-06,1.0990196434237964e-06,3.775814492047163e-13,1
4755,1.7134962086439163e-06,1.0986706569543559e-06,3.780104590103724e-13,1
4756,1.7134962086439163e-06,1.0983218546541898e-06,3.784394858066774e-13,1
4757,1.7134962086439163e-06,1.0979732363874143e-06,3.7886852937547867e-13,1
4758,1.7134962086439163e-06,1.0976248020182742e-06,3.792975894990471e-13,1
4759,1.7134962086439163e-06,1.0972765514111433e-06,3.7972666596007634e-13,1
4760,1.7134962086439163e-06,1.0969284844305236e-06,3.8015575854168237e-13,1
4761,1.7134962086439163e-06,1.0965806009410457e-06,3.805848670274022e-13,1
4762,1.7134962086439163e-06,1.096232900807468e-06,3.810139912011941e-13,1
4763,1.7134962086439163e-06,1.0958853838946773e-06,3.814431308474353e-13,1
4764,1.7134962086439163e-06,1.095538050067688e-06,3.81872285750923e-13,1
4765,1.7134962086439163e-06,1.0951908991916427e-06,3.8230145569687187e-13,1
4766,1.7134962086439163e-06,1.0948439311318111e-06,3.8273064047091483e-13,1
4767,1.7134962086439163e-06,1.0944971457535906e-06,3.8315983985910145e-13,1
4768,1.7134962086439163e-06,1.0941505429225061e-06,3.8358905364789684e-13,1
4769,1.7134962086439163e-06,1.0938041225042096e-06,3.8401828162418167e-13,1
4770,1.7134962086439163e-06,1.0934578843644797e-06,3.844475235752519e-13,1
4771,1.7134962086439163e-06,1.0931118283692222e-06,3.8487677928881634e-13,1
4772,1.7134962086439163e-06,1.0927659543844696e-06,3.8530604855299736e-13,1
4773,1.7134962086439163e-06,1.0924202622763813e-06,3.857353311563293e-13,1
4774,1.7134962086439163e-06,1.0920747519112424e-06,3.8616462688775857e-13,1
4775,1.7134962086439163e-06,1.0917294231554648e-06,3.865939355366421e-13,1
4776,1.7134962086439163e-06,1.0913842758755867e-06,3.870232568927467e-13,1
4777,1.7134962086439163e-06,1.0910393099382715e-06,3.8745259074624937e-13,1
4778,1.7134962086439163e-06,1.0906945252103095e-06,3.878819368877346e-13,1
4779,1.7134962086439163e-06,1.090349921558616e-06,3.8831129510819556e-13,1
4780,1.7134962086439163e-06,1.090005498850232e-06,3.887406651990324e-13,1
4781,1.7134962086439163e-06,1.0896612569523238e-06,3.891700469520516e-13,1
4782,1.7134962086439163e-06,1.0893171957321836e-06,3.89599440159465e-13,1
4783,1.7134962086439163e-06,1.088973315057228e-06,3.9002884461389003e-13,1
4784,1.7134962086439163e-06,1.0886296147949988e-06,3.904582601083481e-13,1
4785,1.7134962086439163e-06,1.0882860948131624e-06,3.908876864362643e-13,1
4786,1.7134962086439163e-06,1.0879427549795107e-06,3.9131712339146576e-13,1
4787,1.7134962086439163e-06,1.0875995951619596e-06,3.91746570768182e-13,1
4788,1.7134962086439163e-06,1.0872566152285492e-06,3.921760283610444e-13,1
4789,1.7134962086439163e-06,1.0869138150474442e-06,3.9260549596508437e-13,1
4790,1.7134962086439163e-06,1.086571194486933e-06,3.9303497337573377e-13,1
4791,1.7134962086439163e-06,1.086228753415429e-06,3.9346446038882225e-13,1
4792,1.7134962086439163e-06,1.085886491701468e-06,3.9389395680058004e-13,1
4793,1.7134962086439163e-06,1.085544409213711e-06,3.943234624076329e-13,1
4794,1.7134962086439163e-06,1.085202505820941e-06,3.9475297700700523e-13,1
4795,1.7134962086439163e-06,1.0848607813920658e-06,3.9518250039611664e-13,1
4796,1.7134962086439163e-06,1.0845192357961154e-06,3.956120323727833e-13,1
4797,1.7134962086439163e-06,1.0841778689022437e-06,3.960415727352153e-13,1
4798,1.7134962086439163e-06,1.0838366805797273e-06,3.9647112128201724e-13,1
4799,1.7134962086439163e-06,1.0834956706979656e-06,3.9690067781218734e-13,1
4800,1.7134962086439163e-06,1.0831548391264807e-06,3.9733024212511635e-13,1
4801,1.7134962086439163e-06,1.0828141857349173e-06,3.9775981402058723e-13,1
4802,1.7134962086439163e-06,1.0824737103930425e-06,3.981893932987741e-13,1
4803,1.7134962086439163e-06,1.0821334129707453e-06,3.9861897976024225e-13,1
4804,1.7134962086439163e-06,1.081793293338038e-06,3.990485732059457e-13,1
4805,1.7134962086439163e-06,1.0814533513650539e-06,3.994781734372285e-13,1
4806,1.7134962086439163e-06,1.081113586922048e-06,3.999077802558237e-13,1
4807,1.7134962086439163e-06,1.0807739998793976e-06,4.003373934638513e-13,1
4808,1.7134962086439163e-06,1.0804345901076017e-06,4.007670128638183e-13,1
4809,1.7134962086439163e-06,1.0800953574772804e-06,4.0119663825861886e-13,1
4810,1.7134962086439163e-06,1.0797563018591747e-06,4.0162626945153296e-13,1
4811,1.7134962086439163e-06,1.0794174231241477e-06,4.020559062462248e-13,1
4812,1.7134962086439163e-06,1.0790787211431828e-06,4.0248554844674337e-13,1
4813,1.7134962086439163e-06,1.0787401957873846e-06,4.0291519585752147e-13,1
4814,1.7134962086439163e-06,1.0784018469279784e-06,4.033448482833746e-13,1
4815,1.7134962086439163e-06,1.07806367443631e-06,4.037745055295007e-13,1
4816,1.7134962086439163e-06,1.0777256781838462e-06,4.04204167401479e-13,1
4817,1.7134962086439163e-06,1.077387858042173e-06,4.046338337052705e-13,1
4818,1.7134962086439163e-06,1.0770502138829977e-06,4.050635042472153e-13,1
4819,1.7134962086439163e-06,1.0767127455781472e-06,4.054931788340338e-13,1
4820,1.7134962086439163e-06,1.0763754529995684e-06,4.059228572728249e-13,1
4821,1.7134962086439163e-06,1.076038336019328e-06,4.06352539371066e-13,1
4822,1.7134962086439163e-06,1.0757013945096122e-06,4.0678222493661156e-13,1
4823,1.7134962086439163e-06,1.0753646283427268e-06,4.0721191377769353e-13,1
4824,1.7134962086439163e-06,1.0750280373910972e-06,4.076416057029192e-13,1
4825,1.7134962086439163e-06,1.074691621527268e-06,4.080713005212717e-13,1
4826,1.7134962086439163e-06,1.0743553806239022e-06,4.085009980421093e-13,1
4827,1.7134962086439163e-06,1.074019314553783e-06,4.0893069807516375e-13,1
4828,1.7134962086439163e-06,1.0736834231898109e-06,4.093604004305412e-13,1
4829,1.7134962086439163e-06,1.0733477064050067e-06,4.097901049187193e-13,1
4830,1.7134962086439163e-06,1.0730121640725088e-06,4.1021981135054877e-13,1
4831,1.7134962086439163e-06,1.0726767960655741e-06,4.106495195372516e-13,1
4832,1.7134962086439163e-06,1.072341602257578e-06,4.1107922929042035e-13,1
4833,1.7134962086439163e-06,1.072006582522014e-06,4.1150894042201816e-13,1
4834,1.7134962086439163e-06,1.0716717367324936e-06,4.1193865274437675e-13,1
4835,1.7134962086439163e-06,1.071337064762746e-06,4.1236836607019766e-13,1
4836,1.7134962086439163e-06,1.0710025664866185e-06,4.127980802125499e-13,1
4837,1.7134962086439163e-06,1.070668241778076e-06,4.1322779498486987e-13,1
4838,1.7134962086439163e-06,1.0703340905112006e-06,4.1365751020096135e-13,1
4839,1.7134962086439163e-06,1.070000112560192e-06,4.140872256749939e-13,1
4840,1.7134962086439163e-06,1.0696663077993668e-06,4.145169412215025e-13,1
4841,1.7134962086439163e-06,1.0693326761031591e-06,4.149466566553872e-13,1
4842,1.7134962086439163e-06,1.0689992173461193e-06,4.1537637179191264e-13,1
4843,1.7134962086439163e-06,1.0686659314029158e-06,4.1580608644670563e-13,1
4844,1.7134962086439163e-06,1.0683328181483325e-06,4.1623580043575727e-13,1
4845,1.7134962086439163e-06,1.0679998774572702e-06,4.166655135754204e-13,1
4846,1.7134962086439163e-06,1.0676671092047465e-06,4.170952256824092e-13,1
4847,1.7134962086439163e-06,1.0673345132658947e-06,4.175249365737992e-13,1
4848,1.7134962086439163e-06,1.067002089515965e-06,4.1795464606702575e-13,1
4849,1.7134962086439163e-06,1.0666698378303227e-06,4.183843539798845e-13,1
4850,1.7134962086439163e-06,1.0663377580844496e-06,4.188140601305297e-13,1
4851,1.7134962086439163e-06,1.0660058501539435e-06,4.1924376433747363e-13,1
4852,1.7134962086439163e-06,1.065674113914517e-06,4.1967346641958695e-13,1
4853,1.7134962086439163e-06,1.0653425492419989e-06,4.2010316619609683e-13,1
4854,1.7134962086439163e-06,1.065011156012333e-06,4.2053286348658743e-13,1
4855,1.7134962086439163e-06,1.0646799341015785e-06,4.2096255811099827e-13,1
4856,1.7134962086439163e-06,1.0643488833859098e-06,4.2139224988962417e-13,1
4857,1.7134962086439163e-06,1.064018003741616e-06,4.2182193864311445e-13,1
4858,1.7134962086439163e-06,1.063687295045101e-06,4.222516241924727e-13,1
4859,1.7134962086439163e-06,1.0633567571728839e-06,4.22681306359055e-13,1
4860,1.7134962086439163e-06,1.0630263900015978e-06,4.231109849645708e-13,1
4861,1.7134962086439163e-06,1.0626961934079906e-06,4.235406598310811e-13,1
4862,1.7134962086439163e-06,1.0623661672689245e-06,4.2397033078099864e-13,1
4863,1.7134962086439163e-06,1.062036311461376e-06,4.243999976370861e-13,1
4864,1.7134962086439163e-06,1.0617066258624353e-06,4.248296602224571e-13,1
4865,1.7134962086439163e-06,1.0613771103493067e-06,4.252593183605747e-13,1
4866,1.7134962086439163e-06,1.0610477647993087e-06,4.2568897187525015e-13,1
4867,1.7134962086439163e-06,1.0607185890898724e-06,4.261186205906442e-13,1
4868,1.7134962086439163e-06,1.0603895830985439e-06,4.2654826433126336e-13,1
4869,1.7134962086439163e-06,1.0600607467029816e-06,4.269779029219628e-13,1
4870,1.7134962086439163e-06,1.0597320797809576e-06,4.2740753618794335e-13,1
4871,1.7134962086439163e-06,1.0594035822103575e-06,4.2783716395475114e-13,1
4872,1.7134962086439163e-06,1.0590752538691791e-06,4.2826678604827865e-13,1
4873,1.7134962086439163e-06,1.0587470946355338e-06,4.2869640229476196e-13,1
4874,1.7134962086439163e-06,1.0584191043876456e-06,4.2912601252078097e-13,1
4875,1.7134962086439163e-06,1.058091283003851e-06,4.2955561655325965e-13,1
4876,1.7134962086439163e-06,1.0577636303625994e-06,4.2998521421946346e-13,1
4877,1.7134962086439163e-06,1.0574361463424519e-06,4.3041480534700143e-13,1
4878,1.7134962086439163e-06,1.057108830822083e-06,4.3084438976382215e-13,1
4879,1.7134962086439163e-06,1.0567816836802777e-06,4.3127396729821756e-13,1
4880,1.7134962086439163e-06,1.056454704795935e-06,4.3170353777881686e-13,1
4881,1.7134962086439163e-06,1.056127894048064e-06,4.321331010345916e-13,1
4882,1.7134962086439163e-06,1.0558012513157867e-06,4.325626568948503e-13,1
4883,1.7134962086439163e-06,1.0554747764783363e-06,4.3299220518924105e-13,1
4884,1.7134962086439163e-06,1.0551484694150576e-06,4.334217457477494e-13,1
4885,1.7134962086439163e-06,1.0548223300054068e-06,4.33851278400698e-13,1
4886,1.7134962086439163e-06,1.0544963581289512e-06,4.3428080297874645e-13,1
4887,1.7134962086439163e-06,1.0541705536653694e-06,4.3471031931288995e-13,1
4888,1.7134962086439163e-06,1.053844916494451e-06,4.3513982723445914e-13,1
4889,1.7134962086439163e-06,1.0535194464960968e-06,4.355693265751196e-13,1
4890,1.7134962086439163e-06,1.0531941435503175e-06,4.3599881716687126e-13,1
4891,1.7134962086439163e-06,1.0528690075372351e-06,4.3642829884204743e-13,1
4892,1.7134962086439163e-06,1.0525440383370822e-06,4.3685777143331427e-13,1
4893,1.7134962086439163e-06,1.0522192358302014e-06,4.372872347736707e-13,1
4894,1.7134962086439163e-06,1.0518945998970456e-06,4.377166886964474e-13,1
4895,1.7134962086439163e-06,1.0515701304181783e-06,4.381461330353058e-13,1
4896,1.7134962086439163e-06,1.0512458272742723e-06,4.3857556762423894e-13,1
4897,1.7134962086439163e-06,1.050921690346111e-06,4.390049922975687e-13,1
4898,1.7134962086439163e-06,1.0505977195145874e-06,4.394344068899471e-13,1
4899,1.7134962086439163e-06,1.0502739146607032e-06,4.398638112363556e-13,1
4900,1.7134962086439163e-06,1.0499502756655712e-06,4.402932051721025e-13,1
4901,1.7134962086439163e-06,1.0496268024104123e-06,4.4072258853282516e-13,1
4902,1.7134962086439163e-06,1.0493034947765573e-06,4.411519611544875e-13,1
4903,1.7134962086439163e-06,1.0489803526454464e-06,4.415813228733792e-13,1
4904,1.7134962086439163e-06,1.0486573758986277e-06,4.4201067352611787e-13,1
4905,1.7134962086439163e-06,1.0483345644177596e-06,4.424400129496443e-13,1
4906,1.7134962086439163e-06,1.0480119180846086e-06,4.428693409812251e-13,1
4907,1.7134962086439163e-06,1.0476894367810495e-06,4.432986574584517e-13,1
4908,1.7134962086439163e-06,1.0473671203890662e-06,4.4372796221923787e-13,1
4909,1.7134962086439163e-06,1.0470449687907512e-06,4.4415725510182114e-13,1
4910,1.7134962086439163e-06,1.0467229818683048e-06,4.445865359447611e-13,1
4911,1.7134962086439163e-06,1.0464011595040353e-06,4.4501580458694026e-13,1
4912,1.7134962086439163e-06,1.0460795015803598e-06,4.454450608675613e-13,1
4913,1.7134962086439163e-06,1.0457580079798026e-06,4.458743046261482e-13,1
4914,1.7134962086439163e-06,1.0454366785849964e-06,4.46303535702545e-13,1
4915,1.7134962086439163e-06,1.0451155132786813e-06,4.467327539369152e-13,1
4916,1.7134962086439163e-06,1.044794511943705e-06,4.471619591697414e-13,1
4917,1.7134962086439163e-06,1.0444736744630224e-06,4.4759115124182536e-13,1
4918,1.7134962086439163e-06,1.0441530007196962e-06,4.4802032999428574e-13,1
4919,1.7134962086439163e-06,1.043832490596896e-06,4.484494952685591e-13,1
4920,1.7134962086439163e-06,1.0435121439778984e-06,4.4887864690639886e-13,1
4921,1.7134962086439163e-06,1.0431919607460879e-06,4.493077847498735e-13,1
4922,1.7134962086439163e-06,1.0428719407849542e-06,4.4973690864136904e-13,1
4923,1.7134962086439163e-06,1.0425520839780951e-06,4.5016601842358507e-13,1
4924,1.7134962086439163e-06,1.042232390209214e-06,4.5059511393953693e-13,1
4925,1.7134962086439163e-06,1.0419128593621221e-06,4.510241950325524e-13,1
4926,1.7134962086439163e-06,1.0415934913207357e-06,4.51453261546274e-13,1
4927,1.7134962086439163e-06,1.0412742859690778e-06,4.518823133246566e-13,1
4928,1.7134962086439163e-06,1.040955243191278e-06,4.523113502119668e-13,1
4929,1.7134962086439163e-06,1.040636362871571e-06,4.5274037205278427e-13,1
4930,1.7134962086439163e-06,1.0403176448942983e-06,4.5316937869199856e-13,1
4931,1.7134962086439163e-06,1.0399990891439066e-06,4.5359836997481036e-13,1
4932,1.7134962086439163e-06,1.0396806955049482e-06,4.540273457467309e-13,1
4933,1.7134962086439163e-06,1.0393624638620816e-06,4.544563058535799e-13,1
4934,1.7134962086439163e-06,1.03904439410007e-06,4.548852501414869e-13,1
4935,1.7134962086439163e-06,1.0387264861037823e-06,4.553141784568895e-13,1
4936,1.7134962086439163e-06,1.0384087397581927e-06,4.55743090646533e-13,1
4937,1.7134962086439163e-06,1.03809115494838e-06,4.561719865574704e-13,1
4938,1.7134962086439163e-06,1.0377737315595283e-06,4.566008660370613e-13,1
4939,1.7134962086439163e-06,1.0374564694769263e-06,4.570297289329719e-13,1
4940,1.7134962086439163e-06,1.037139368585968e-06,4.574585750931732e-13,1
4941,1.7134962086439163e-06,1.036822428772151e-06,4.578874043659424e-13,1
4942,1.7134962086439163e-06,1.0365056499210785e-06,4.583162165998603e-13,1
4943,1.7134962086439163e-06,1.0361890319184574e-06,4.587450116438121e-13,1
4944,1.7134962086439163e-06,1.0358725746500988e-06,4.591737893469872e-13,1
4945,1.7134962086439163e-06,1.0355562780019184e-06,4.59602549558877e-13,1
4946,1.7134962086439163e-06,1.0352401418599355e-06,4.60031292129276e-13,1
4947,1.7134962086439163e-06,1.0349241661102736e-06,4.604600169082799e-13,1
4948,1.7134962086439163e-06,1.0346083506391594e-06,4.60888723746287e-13,1
4949,1.7134962086439163e-06,1.0342926953329242e-06,4.61317412493995e-13,1
4950,1.7134962086439163e-06,1.0339772000780027e-06,4.617460830024022e-13,1
4951,1.7134962086439163e-06,1.033661864760932e-06,4.621747351228079e-13,1
4952,1.7134962086439163e-06,1.0333466892683534e-06,4.626033687068093e-13,1
4953,1.7134962086439163e-06,1.0330316734870115e-06,4.630319836063027e-13,1
4954,1.7134962086439163e-06,1.032716817303754e-06,4.634605796734819e-13,1
4955,1.7134962086439163e-06,1.032402120605531e-06,4.638891567608397e-13,1
4956,1.7134962086439163e-06,1.0320875832793961e-06,4.64317714721165e-13,1
4957,1.7134962086439163e-06,1.0317732052125048e-06,4.647462534075444e-13,1
4958,1.7134962086439163e-06,1.0314589862921168e-06,4.651747726733581e-13,1
4959,1.7134962086439163e-06,1.0311449264055925e-06,4.656032723722847e-13,1
4960,1.7134962086439163e-06,1.0308310254403963e-06,4.660317523582956e-13,1
4961,1.7134962086439163e-06,1.0305172832840934e-06,4.664602124856586e-13,1
4962,1.7134962086439163e-06,1.0302036998243524e-06,4.668886526089338e-13,1
4963,1.7134962086439163e-06,1.0298902749489435e-06,4.673170725829756e-13,1
4964,1.7134962086439163e-06,1.029577008545739e-06,4.677454722629308e-13,1
4965,1.7134962086439163e-06,1.0292639005027127e-06,4.68173851504239e-13,1
4966,1.7134962086439163e-06,1.0289509507079406e-06,4.686022101626317e-13,1
4967,1.7134962086439163e-06,1.0286381590496002e-06,4.690305480941308e-13,1
4968,1.7134962086439163e-06,1.02832552541597e-06,4.694588651550509e-13,1
4969,1.7134962086439163e-06,1.0280130496954305e-06,4.698871612019951e-13,1
4970,1.7134962086439163e-06,1.0277007317764634e-06,4.703154360918572e-13,1
4971,1.7134962086439163e-06,1.0273885715476513e-06,4.707436896818201e-13,1
4972,1.7134962086439163e-06,1.0270765688976781e-06,4.711719218293555e-13,1
4973,1.7134962086439163e-06,1.0267647237153287e-06,4.716001323922229e-13,1
4974,1.7134962086439163e-06,1.0264530358894886e-06,4.720283212284704e-13,1
4975,1.7134962086439163e-06,1.0261415053091438e-06,4.724564881964331e-13,1
4976,1.7134962086439163e-06,1.0258301318633817e-06,4.728846331547322e-13,1
4977,1.7134962086439163e-06,1.0255189154413896e-06,4.733127559622754e-13,1
4978,1.7134962086439163e-06,1.0252078559324553e-06,4.737408564782566e-13,1
4979,1.7134962086439163e-06,1.0248969532259668e-06,4.741689345621545e-13,1
4980,1.7134962086439163e-06,1.0245862072114124e-06,4.745969900737326e-13,1
4981,1.7134962086439163e-06,1.0242756177783805e-06,4.750250228730382e-13,1
4982,1.7134962086439163e-06,1.0239651848165594e-06,4.754530328204031e-13,1
4983,1.7134962086439163e-06,1.0236549082157375e-06,4.758810197764408e-13,1
4984,1.7134962086439163e-06,1.023344787865802e-06,4.763089836020497e-13,1
4985,1.7134962086439163e-06,1.0230348236567406e-06,4.767369241584088e-13,1
4986,1.7134962086439163e-06,1.0227250154786405e-06,4.771648413069788e-13,1
4987,1.7134962086439163e-06,1.022415363221688e-06,4.775927349095017e-13,1
4988,1.7134962086439163e-06,1.0221058667761685e-06,4.780206048280013e-13,1
4989,1.7134962086439163e-06,1.0217965260324668e-06,4.784484509247801e-13,1
4990,1.7134962086439163e-06,1.0214873408810668e-06,4.788762730624209e-13,1
4991,1.7134962086439163e-06,1.0211783112125518e-06,4.793040711037855e-13,1
4992,1.7134962086439163e-06,1.020869436917603e-06,4.797318449120146e-13,1
4993,1.7134962086439163e-06,1.0205607178870008e-06,4.801595943505275e-13,1
4994,1.7134962086439163e-06,1.0202521540116245e-06,4.8058731928302e-13,1
4995,1.7134962086439163e-06,1.0199437451824515e-06,4.810150195734665e-13,1
4996,1.7134962086439163e-06,1.019635491290558e-06,4.814426950861171e-13,1
4997,1.7134962086439163e-06,1.0193273922271179e-06,4.818703456854989e-13,1
4998,1.7134962086439163e-06,1.019019447883404e-06,4.82297971236414e-13,1
4999,1.7134962086439163e-06,1.0187116581507867e-06,4.827255716039402e-13,1
5000,1.7134962086439163e-06,1.0184040229207348e-06,4.831531466534299e-13,1
5001,1.7134962086439163e-06,1.0180965420848145e-06,4.835806962505101e-13,1
5002,1.7134962086439163e-06,1.0177892155346902e-06,4.840082202610809e-13,1
5003,1.7134962086439163e-06,1.017482043162123e-06,4.844357185513173e-13,1
5004,1.7134962086439163e-06,1.0171750248589732e-06,4.848631909876646e-13,1
5005,1.7134962086439163e-06,1.0168681605171973e-06,4.852906374368424e-13,1
5006,1.7134962086439163e-06,1.0165614500288492e-06,4.85718057765842e-13,1
5007,1.7134962086439163e-06,1.0162548932860806e-06,4.861454518419249e-13,1
5008,1.7134962086439163e-06,1.01594849018114e-06,4.865728195326248e-13,1
5009,1.7134962086439163e-06,1.0156422406063729e-06,4.870001607057447e-13,1
5010,1.7134962086439163e-06,1.0153361444542213e-06,4.874274752293591e-13,1
5011,1.7134962086439163e-06,1.015030201617225e-06,4.878547629718099e-13,1
5012,1.7134962086439163e-06,1.0147244119880196e-06,4.882820238017099e-13,1
5013,1.7134962086439163e-06,1.0144187754593375e-06,4.887092575879393e-13,1
5014,1.7134962086439163e-06,1.0141132919240081e-06,4.891364641996461e-13,1
5015,1.7134962086439163e-06,1.0138079612749563e-06,4.895636435062469e-13,1
5016,1.7134962086439163e-06,1.013502783405204e-06,4.899907953774248e-13,1
5017,1.7134962086439163e-06,1.0131977582078689e-06,4.904179196831293e-13,1
5018,1.7134962086439163e-06,1.012892885576165e-06,4.90845016293576e-13,1
5019,1.7134962086439163e-06,1.0125881654034016e-06,4.912720850792473e-13,1
5020,1.7134962086439163e-06,1.0122835975829848e-06,4.916991259108893e-13,1
5021,1.7134962086439163e-06,1.011979182008416e-06,4.921261386595133e-13,1
5022,1.7134962086439163e-06,1.0116749185732919e-06,4.925531231963956e-13,1
5023,1.7134962086439163e-06,1.0113708071713053e-06,4.929800793930753e-13,1
5024,1.7134962086439163e-06,1.0110668476962438e-06,4.934070071213556e-13,1
5025,1.7134962086439163e-06,1.0107630400419913e-06,4.938339062533015e-13,1
5026,1.7134962086439163e-06,1.0104593841025257e-06,4.942607766612421e-13,1
5027,1.7134962086439163e-06,1.0101558797719213e-06,4.946876182177662e-13,1
5028,1.7134962086439163e-06,1.0098525269443462e-06,4.951144307957259e-13,1
5029,1.7134962086439163e-06,1.009549325514064e-06,4.95541214268234e-13,1
5030,1.7134962086439163e-06,1.009246275375433e-06,4.959679685086632e-13,1
5031,1.7134962086439163e-06,1.0089433764229066e-06,4.963946933906463e-13,1
5032,1.7134962086439163e-06,1.008640628551032e-06,4.968213887880766e-13,1
5033,1.7134962086439163e-06,1.0083380316544517e-06,4.972480545751052e-13,1
5034,1.7134962086439163e-06,1.0080355856279019e-06,4.976746906261434e-13,1
5035,1.7134962086439163e-06,1.0077332903662134e-06,4.981012968158596e-13,1
5036,1.7134962086439163e-06,1.0074311457643114e-06,4.985278730191805e-13,1
5037,1.7134962086439163e-06,1.0071291517172148e-06,4.989544191112901e-13,1
5038,1.7134962086439163e-06,1.0068273081200364e-06,4.993809349676293e-13,1
5039,1.7134962086439163e-06,1.0065256148679836e-06,4.998074204638949e-13,1
5040,1.7134962086439163e-06,1.0062240718563568e-06,5.002338754760403e-13,1
5041,1.7134962086439163e-06,1.00592267898055e-06,5.006602998802748e-13,1
5042,1.7134962086439163e-06,1.0056214361360515e-06,5.010866935530614e-13,1
5043,1.7134962086439163e-06,1.0053203432184427e-06,5.015130563711185e-13,1
5044,1.7134962086439163e-06,1.0050194001233979e-06,5.019393882114194e-13,1
5045,1.7134962086439163e-06,1.0047186067466854e-06,5.023656889511896e-13,1
5046,1.7134962086439163e-06,1.0044179629841663e-06,5.027919584679089e-13,1
5047,1.7134962086439163e-06,1.0041174687317946e-06,5.032181966393096e-13,1
5048,1.7134962086439163e-06,1.0038171238856176e-06,5.036444033433766e-13,1
5049,1.7134962086439163e-06,1.0035169283417753e-06,5.040705784583462e-13,1
5050,1.7134962086439163e-06,1.0032168819965e-06,5.04496721862707e-13,1
5051,1.7134962086439163e-06,1.0029169847461178e-06,5.049228334351977e-13,1
5052,1.7134962086439163e-06,1.0026172364870458e-06,5.053489130548086e-13,1
5053,1.7134962086439163e-06,1.0023176371157952e-06,5.05774960600779e-13,1
5054,1.7134962086439163e-06,1.002018186528968e-06,5.062009759525988e-13,1
5055,1.7134962086439163e-06,1.0017188846232597e-06,5.066269589900068e-13,1
5056,1.7134962086439163e-06,1.0014197312954571e-06,5.070529095929908e-13,1
5057,1.7134962086439163e-06,1.0011207264424392e-06,5.07478827641787e-13,1
5058,1.7134962086439163e-06,1.0008218699611775e-06,5.079047130168792e-13,1
5059,1.7134962086439163e-06,1.0005231617487348e-06,5.083305655989987e-13,1
5060,1.7134962086439163e-06,1.0002246017022657e-06,5.087563852691247e-13,1
5061,1.7134962086439163e-06,9.999261897190166e-07,5.091821719084818e-13,1
5062,1.7134962086439163e-06,9.996279256963251e-07,5.096079253985421e-13,1
5063,1.7134962086439163e-06,9.993298095316209e-07,5.100336456210224e-13,1
5064,1.7134962086439163e-06,9.990318411224243e-07,5.104593324578857e-13,1
5065,1.7134962086439163e-06,9.987340203663475e-07,5.108849857913388e-13,1
5066,1.7134962086439163e-06,9.984363471610935e-07,5.113106055038338e-13,1
5067,1.7134962086439163e-06,9.981388214044562e-07,5.117361914780669e-13,1
5068,1.7134962086439163e-06,9.978414429943207e-07,5.121617435969777e-13,1
5069,1.7134962086439163e-06,9.97544211828663e-07,5.125872617437484e-13,1
5070,1.7134962086439163e-06,9.9724712780555e-07,5.130127458018046e-13,1
5071,1.7134962086439163e-06,9.969501908231385e-07,5.134381956548145e-13,1
5072,1.7134962086439163e-06,9.966534007796765e-07,5.138636111866875e-13,1
5073,1.7134962086439163e-06,9.963567575735023e-07,5.142889922815747e-13,1
5074,1.7134962086439163e-06,9.960602611030448e-07,5.147143388238683e-13,1
5075,1.7134962086439163e-06,9.957639112668225e-07,5.151396506982011e-13,1
5076,1.7134962086439163e-06,9.954677079634448e-07,5.155649277894459e-13,1
5077,1.7134962086439163e-06,9.95171651091611e-07,5.159901699827152e-13,1
5078,1.7134962086439163e-06,9.948757405501097e-07,5.164153771633618e-13,1
5079,1.7134962086439163e-06,9.945799762378204e-07,5.168405492169759e-13,1
5080,1.7134962086439163e-06,9.942843580537112e-07,5.172656860293876e-13,1
5081,1.7134962086439163e-06,9.93988885896841e-07,5.176907874866641e-13,1
5082,1.7134962086439163e-06,9.936935596663578e-07,5.181158534751104e-13,1
5083,1.7134962086439163e-06,9.933983792614988e-07,5.185408838812693e-13,1
5084,1.7134962086439163e-06,9.931033445815914e-07,5.189658785919194e-13,1
5085,1.7134962086439163e-06,9.92808455526051e-07,5.193908374940772e-13,1
5086,1.7134962086439163e-06,9.925137119943835e-07,5.198157604749936e-13,1
5087,1.7134962086439163e-06,9.922191138861832e-07,5.202406474221559e-13,1
5088,1.7134962086439163e-06,9.919246611011332e-07,5.20665498223287e-13,1
5089,1.7134962086439163e-06,9.91630353539006e-07,5.210903127663433e-13,1
5090,1.7134962086439163e-06,9.913361910996632e-07,5.21515090939516e-13,1
5091,1.7134962086439163e-06,9.910421736830538e-07,5.219398326312312e-13,1
5092,1.7134962086439163e-06,9.907483011892169e-07,5.223645377301469e-13,1
5093,1.7134962086439163e-06,9.904545735182789e-07,5.227892061251555e-13,1
5094,1.7134962086439163e-06,9.901609905704553e-07,5.232138377053815e-13,1
5095,1.7134962086439163e-06,9.898675522460504e-07,5.236384323601807e-13,1
5096,1.7134962086439163e-06,9.895742584454553e-07,5.240629899791431e-13,1
5097,1.7134962086439163e-06,9.892811090691505e-07,5.24487510452088e-13,1
5098,1.7134962086439163e-06,9.889881040177039e-07,5.249119936690668e-13,1
5099,1.7134962086439163e-06,9.886952431917718e-07,5.253364395203608e-13,1
5100,1.7134962086439163e-06,9.884025264920975e-07,5.257608478964828e-13,1
5101,1.7134962086439163e-06,9.881099538195132e-07,5.26185218688174e-13,1
5102,1.7134962086439163e-06,9.878175250749379e-07,5.266095517864055e-13,1
5103,1.7134962086439163e-06,9.875252401593785e-07,5.270338470823778e-13,1
5104,1.7134962086439163e-06,9.872330989739295e-07,5.274581044675193e-13,1
5105,1.7134962086439163e-06,9.869411014197725e-07,5.278823238334871e-13,1
5106,1.7134962086439163e-06,9.866492473981765e-07,5.283065050721661e-13,1
5107,1.7134962086439163e-06,9.863575368104971e-07,5.287306480756689e-13,1
5108,1.7134962086439163e-06,9.860659695581785e-07,5.291547527363337e-13,1
5109,1.7134962086439163e-06,9.857745455427497e-07,5.295788189467278e-13,1
5110,1.7134962086439163e-06,9.854832646658293e-07,5.300028465996413e-13,1
5111,1.7134962086439163e-06,9.851921268291202e-07,5.304268355880932e-13,1
5112,1.7134962086439163e-06,9.849011319344134e-07,5.308507858053265e-13,1
5113,1.7134962086439163e-06,9.846102798835862e-07,5.31274697144809e-13,1
5114,1.7134962086439163e-06,9.843195705786026e-07,5.316985695002336e-13,1
5115,1.7134962086439163e-06,9.840290039215124e-07,5.321224027655176e-13,1
5116,1.7134962086439163e-06,9.837385798144525e-07,5.325461968348015e-13,1
5117,1.7134962086439163e-06,9.83448298159646e-07,5.329699516024492e-13,1
5118,1.7134962086439163e-06,9.831581588594015e-07,5.333936669630485e-13,1
5119,1.7134962086439163e-06,9.82868161816114e-07,5.338173428114092e-13,1
5120,1.7134962086439163e-06,9.82578306932265e-07,5.342409790425632e-13,1
5121,1.7134962086439163e-06,9.822885941104214e-07,5.346645755517642e-13,1
5122,1.7134962086439163e-06,9.819990232532354e-07,5.350881322344883e-13,1
5123,1.7134962086439163e-06,9.817095942634456e-07,5.355116489864318e-13,1
5124,1.7134962086439163e-06,9.81420307043876e-07,5.359351257035119e-13,1
5125,1.7134962086439163e-06,9.811311614974365e-07,5.363585622818657e-13,1
5126,1.7134962086439163e-06,9.808421575271217e-07,5.367819586178508e-13,1
5127,1.7134962086439163e-06,9.805532950360119e-07,5.372053146080441e-13,1
5128,1.7134962086439163e-06,9.802645739272727e-07,5.376286301492415e-13,1
5129,1.7134962086439163e-06,9.799759941041547e-07,5.38051905138458e-13,1
5130,1.7134962086439163e-06,9.796875554699934e-07,5.384751394729268e-13,1
5131,1.7134962086439163e-06,9.793992579282097e-07,5.388983330500987e-13,1
5132,1.7134962086439163e-06,9.79111101382309e-07,5.393214857676426e-13,1
5133,1.7134962086439163e-06,9.788230857358817e-07,5.397445975234442e-13,1
5134,1.7134962086439163e-06,9.785352108926028e-07,5.401676682156064e-13,1
5135,1.7134962086439163e-06,9.782474767562317e-07,5.405906977424483e-13,1
5136,1.7134962086439163e-06,9.77959883230613e-07,5.410136860025049e-13,1
5137,1.7134962086439163e-06,9.776724302196743e-07,5.41436632894528e-13,1
5138,1.7134962086439163e-06,9.773851176274296e-07,5.418595383174825e-13,1
5139,1.7134962086439163e-06,9.770979453579747e-07,5.42282402170551e-13,1
5140,1.7134962086439163e-06,9.768109133154918e-07,5.427052243531281e-13,1
5141,1.7134962086439163e-06,9.76524021404246e-07,5.431280047648239e-13,1
5142,1.7134962086439163e-06,9.76237269528586e-07,5.435507433054623e-13,1
5143,1.7134962086439163e-06,9.759506575929456e-07,5.439734398750801e-13,1
5144,1.7134962086439163e-06,9.756641855018412e-07,5.443960943739277e-13,1
5145,1.7134962086439163e-06,9.75377853159874e-07,5.448187067024672e-13,1
5146,1.7134962086439163e-06,9.75091660471727e-07,5.45241276761375e-13,1
5147,1.7134962086439163e-06,9.74805607342169e-07,5.456638044515371e-13,1
5148,1.7134962086439163e-06,9.745196936760508e-07,5.46086289674052e-13,1
5149,1.7134962086439163e-06,9.742339193783068e-07,5.465087323302299e-13,1
5150,1.7134962086439163e-06,9.739482843539547e-07,5.469311323215909e-13,1
5151,1.7134962086439163e-06,9.736627885080957e-07,5.473534895498657e-13,1
5152,1.7134962086439163e-06,9.733774317459131e-07,5.477758039169963e-13,1
5153,1.7134962086439163e-06,9.730922139726743e-07,5.481980753251327e-13,1
5154,1.7134962086439163e-06,9.728071350937295e-07,5.486203036766342e-13,1
5155,1.7134962086439163e-06,9.725221950145103e-07,5.490424888740713e-13,1
5156,1.7134962086439163e-06,9.722373936405327e-07,5.494646308202206e-13,1
5157,1.7134962086439163e-06,9.719527308773942e-07,5.498867294180685e-13,1
5158,1.7134962086439163e-06,9.716682066307761e-07,5.503087845708076e-13,1
5159,1.7134962086439163e-06,9.713838208064407e-07,5.507307961818399e-13,1
5160,1.7134962086439163e-06,9.710995733102336e-07,5.511527641547731e-13,1
5161,1.7134962086439163e-06,9.70815464048082e-07,5.51574688393423e-13,1
5162,1.7134962086439163e-06,9.705314929259963e-07,5.519965688018098e-13,1
5163,1.7134962086439163e-06,9.702476598500677e-07,5.52418405284162e-13,1
5164,1.7134962086439163e-06,9.699639647264703e-07,5.528401977449125e-13,1
5165,1.7134962086439163e-06,9.696804074614604e-07,5.532619460886989e-13,1
5166,1.7134962086439163e-06,9.69396987961375e-07,5.536836502203655e-13,1
5167,1.7134962086439163e-06,9.691137061326336e-07,5.541053100449598e-13,1
5168,1.7134962086439163e-06,9.688305618817373e-07,5.545269254677344e-13,1
5169,1.7134962086439163e-06,9.68547555115269e-07,5.549484963941445e-13,1
5170,1.7134962086439163e-06,9.682646857398926e-07,5.553700227298505e-13,1
5171,1.7134962086439163e-06,9.679819536623535e-07,5.557915043807148e-13,1
5172,1.7134962086439163e-06,9.676993587894788e-07,5.562129412528024e-13,1
5173,1.7134962086439163e-06,9.674169010281764e-07,5.566343332523819e-13,1
5174,1.7134962086439163e-06,9.671345802854354e-07,5.570556802859233e-13,1
5175,1.7134962086439163e-06,9.668523964683261e-07,5.57476982260098e-13,1
5176,1.7134962086439163e-06,9.66570349484e-07,5.578982390817791e-13,1
5177,1.7134962086439163e-06,9.662884392396888e-07,5.583194506580413e-13,1
5178,1.7134962086439163e-06,9.660066656427054e-07,5.587406168961592e-13,1
5179,1.7134962086439163e-06,9.657250286004437e-07,5.591617377036075e-13,1
5180,1.7134962086439163e-06,9.65443528020378e-07,5.595828129880615e-13,1
5181,1.7134962086439163e-06,9.651621638100627e-07,5.600038426573961e-13,1
5182,1.7134962086439163e-06,9.648809358771332e-07,5.604248266196852e-13,1
5183,1.7134962086439163e-06,9.645998441293052e-07,5.608457647832013e-13,1
5184,1.7134962086439163e-06,9.643188884743744e-07,5.612666570564164e-13,1
5185,1.7134962086439163e-06,9.64038068820217e-07,5.616875033479998e-13,1
5186,1.7134962086439163e-06,9.637573850747889e-07,5.621083035668193e-13,1
5187,1.7134962086439163e-06,9.634768371461269e-07,5.625290576219392e-13,1
5188,1.7134962086439163e-06,9.631964249423463e-07,5.629497654226229e-13,1
5189,1.7134962086439163e-06,9.62916148371644e-07,5.633704268783279e-13,1
5190,1.7134962086439163e-06,9.626360073422953e-07,5.637910418987109e-13,1
5191,1.7134962086439163e-06,9.623560017626556e-07,5.642116103936232e-13,1
5192,1.7134962086439163e-06,9.620761315411602e-07,5.64632132273112e-13,1
5193,1.7134962086439163e-06,9.617963965863235e-07,5.650526074474204e-13,1
5194,1.7134962086439163e-06,9.615167968067396e-07,5.654730358269864e-13,1
5195,1.7134962086439163e-06,9.61237332111082e-07,5.658934173224422e-13,1
5196,1.7134962086439163e-06,9.609580024081031e-07,5.663137518446154e-13,1
5197,1.7134962086439163e-06,9.606788076066347e-07,5.667340393045274e-13,1
5198,1.7134962086439163e-06,9.60399747615588e-07,5.671542796133926e-13,1
5199,1.7134962086439163e-06,9.601208223439528e-07,5.675744726826192e-13,1
5200,1.7134962086439163e-06,9.598420317007978e-07,5.679946184238095e-13,1
5201,1.7134962086439163e-06,9.595633755952712e-07,5.684147167487563e-13,1
5202,1.7134962086439163e-06,9.592848539365987e-07,5.688347675694473e-13,1
5203,1.7134962086439163e-06,9.59006466634086e-07,5.692547707980605e-13,1
5204,1.7134962086439163e-06,9.587282135971165e-07,5.696747263469661e-13,1
5205,1.7134962086439163e-06,9.584500947351526e-07,5.700946341287258e-13,1
5206,1.7134962086439163e-06,9.581721099577354e-07,5.705144940560916e-13,1
5207,1.7134962086439163e-06,9.578942591744833e-07,5.709343060420076e-13,1
5208,1.7134962086439163e-06,9.576165422950938e-07,5.713540699996073e-13,1
5209,1.7134962086439163e-06,9.573389592293423e-07,5.717737858422143e-13,1
5210,1.7134962086439163e-06,9.57061509887083e-07,5.721934534833413e-13,1
5211,1.7134962086439163e-06,9.567841941782464e-07,5.726130728366924e-13,1
5212,1.7134962086439163e-06,9.565070120128428e-07,5.730326438161581e-13,1
5213,1.7134962086439163e-06,9.562299633009595e-07,5.734521663358193e-13,1
5214,1.7134962086439163e-06,9.559530479527614e-07,5.738716403099451e-13,1
5215,1.7134962086439163e-06,9.556762658784915e-07,5.742910656529917e-13,1
5216,1.7134962086439163e-06,9.553996169884702e-07,5.747104422796043e-13,1
5217,1.7134962086439163e-06,9.551231011930956e-07,5.751297701046141e-13,1
5218,1.7134962086439163e-06,9.548467184028425e-07,5.755490490430412e-13,1
5219,1.7134962086439163e-06,9.545704685282645e-07,5.759682790100899e-13,1
5220,1.7134962086439163e-06,9.542943514799912e-07,5.76387459921153e-13,1
5221,1.7134962086439163e-06,9.540183671687297e-07,5.768065916918087e-13,1
5222,1.7134962086439163e-06,9.537425155052645e-07,5.772256742378207e-13,1
5223,1.7134962086439163e-06,9.534667964004572e-07,5.77644707475138e-13,1
5224,1.7134962086439163e-06,9.531912097652457e-07,5.780636913198954e-13,1
5225,1.7134962086439163e-06,9.529157555106455e-07,5.784826256884116e-13,1
5226,1.7134962086439163e-06,9.526404335477483e-07,5.789015104971907e-13,1
5227,1.7134962086439163e-06,9.523652437877232e-07,5.793203456629196e-13,1
5228,1.7134962086439163e-06,9.520901861418152e-07,5.797391311024703e-13,1
5229,1.7134962086439163e-06,9.518152605213463e-07,5.801578667328973e-13,1
5230,1.7134962086439163e-06,9.515404668377149e-07,5.805765524714387e-13,1
5231,1.7134962086439163e-06,9.512658050023956e-07,5.809951882355157e-13,1
5232,1.7134962086439163e-06,9.509912749269395e-07,5.814137739427313e-13,1
5233,1.7134962086439163e-06,9.507168765229738e-07,5.818323095108712e-13,1
5234,1.7134962086439163e-06,9.50442609702202e-07,5.822507948579026e-13,1
5235,1.7134962086439163e-06,9.501684743764032e-07,5.826692299019751e-13,1
5236,1.7134962086439163e-06,9.498944704574334e-07,5.83087614561418e-13,1
5237,1.7134962086439163e-06,9.496205978572238e-07,5.835059487547427e-13,1
5238,1.7134962086439163e-06,9.493468564877813e-07,5.83924232400641e-13,1
5239,1.7134962086439163e-06,9.490732462611888e-07,5.843424654179848e-13,1
5240,1.7134962086439163e-06,9.487997670896054e-07,5.847606477258256e-13,1
5241,1.7134962086439163e-06,9.485264188852647e-07,5.851787792433956e-13,1
5242,1.7134962086439163e-06,9.482532015604768e-07,5.855968598901052e-13,1
5243,1.7134962086439163e-06,9.479801150276266e-07,5.860148895855442e-13,1
5244,1.7134962086439163e-06,9.477071591991747e-07,5.86432868249481e-13,1
5245,1.7134962086439163e-06,9.474343339876565e-07,5.868507958018632e-13,1
5246,1.7134962086439163e-06,9.471616393056833e-07,5.872686721628152e-13,1
5247,1.7134962086439163e-06,9.468890750659408e-07,5.876864972526399e-13,1
5248,1.7134962086439163e-06,9.466166411811905e-07,5.881042709918175e-13,1
5249,1.7134962086439163e-06,9.463443375642677e-07,5.885219933010059e-13,1
5250,1.7134962086439163e-06,9.460721641280839e-07,5.889396641010383e-13,1
5251,1.7134962086439163e-06,9.458001207856247e-07,5.893572833129259e-13,1
5252,1.7134962086439163e-06,9.455282074499501e-07,5.897748508578558e-13,1
5253,1.7134962086439163e-06,9.452564240341955e-07,5.901923666571902e-13,1
5254,1.7134962086439163e-06,9.449847704515705e-07,5.906098306324678e-13,1
5255,1.7134962086439163e-06,9.447132466153591e-07,5.910272427054021e-13,1
5256,1.7134962086439163e-06,9.444418524389196e-07,5.914446027978821e-13,1
5257,1.7134962086439163e-06,9.441705878356851e-07,5.918619108319705e-13,1
5258,1.7134962086439163e-06,9.438994527191626e-07,5.92279166729905e-13,1
5259,1.7134962086439163e-06,9.436284470029331e-07,5.926963704140978e-13,1
5260,1.7134962086439163e-06,9.433575706006522e-07,5.931135218071338e-13,1
5261,1.7134962086439163e-06,9.430868234260491e-07,5.935306208317722e-13,1
5262,1.7134962086439163e-06,9.428162053929271e-07,5.939476674109448e-13,1
5263,1.7134962086439163e-06,9.425457164151631e-07,5.943646614677568e-13,1
5264,1.7134962086439163e-06,9.422753564067085e-07,5.947816029254851e-13,1
5265,1.7134962086439163e-06,9.420051252815875e-07,5.951984917075798e-13,1
5266,1.7134962086439163e-06,9.417350229538987e-07,5.956153277376619e-13,1
5267,1.7134962086439163e-06,9.414650493378137e-07,5.960321109395247e-13,1
5268,1.7134962086439163e-06,9.411952043475778e-07,5.964488412371331e-13,1
5269,1.7134962086439163e-06,9.409254878975096e-07,5.968655185546223e-13,1
5270,1.7134962086439163e-06,9.406558999020012e-07,5.972821428162987e-13,1
5271,1.7134962086439163e-06,9.403864402755181e-07,5.976987139466385e-13,1
5272,1.7134962086439163e-06,9.401171089325983e-07,5.981152318702888e-13,1
5273,1.7134962086439163e-06,9.398479057878534e-07,5.985316965120665e-13,1
5274,1.7134962086439163e-06,9.39578830755968e-07,5.989481077969575e-13,1
5275,1.7134962086439163e-06,9.393098837516995e-07,5.993644656501172e-13,1
5276,1.7134962086439163e-06,9.390410646898783e-07,5.997807699968698e-13,1
5277,1.7134962086439163e-06,9.387723734854074e-07,6.001970207627085e-13,1
5278,1.7134962086439163e-06,9.385038100532631e-07,6.00613217873294e-13,1
5279,1.7134962086439163e-06,9.382353743084929e-07,6.01029361254457e-13,1
5280,1.7134962086439163e-06,9.379670661662186e-07,6.014454508321932e-13,1
5281,1.7134962086439163e-06,9.376988855416335e-07,6.018614865326678e-13,1
5282,1.7134962086439163e-06,9.374308323500036e-07,6.022774682822124e-13,1
5283,1.7134962086439163e-06,9.371629065066667e-07,6.026933960073261e-13,1
5284,1.7134962086439163e-06,9.368951079270338e-07,6.031092696346734e-13,1
5285,1.7134962086439163e-06,9.366274365265874e-07,6.035250890910863e-13,1
5286,1.7134962086439163e-06,9.363598922208821e-07,6.039408543035625e-13,1
5287,1.7134962086439163e-06,9.360924749255451e-07,6.043565651992642e-13,1
5288,1.7134962086439163e-06,9.358251845562749e-07,6.04772221705521e-13,1
5289,1.7134962086439163e-06,9.355580210288423e-07,6.051878237498262e-13,1
5290,1.7134962086439163e-06,9.352909842590896e-07,6.056033712598386e-13,1
5291,1.7134962086439163e-06,9.35024074162931e-07,6.060188641633813e-13,1
5292,1.7134962086439163e-06,9.347572906563525e-07,6.064343023884417e-13,1
5293,1.7134962086439163e-06,9.344906336554115e-07,6.068496858631711e-13,1
5294,1.7134962086439163e-06,9.342241030762367e-07,6.072650145158847e-13,1
5295,1.7134962086439163e-06,9.339576988350288e-07,6.07680288275061e-13,1
5296,1.7134962086439163e-06,9.336914208480594e-07,6.080955070693415e-13,1
5297,1.7134962086439163e-06,9.334252690316714e-07,6.085106708275306e-13,1
5298,1.7134962086439163e-06,9.331592433022791e-07,6.089257794785955e-13,1
5299,1.7134962086439163e-06,9.328933435763681e-07,6.093408329516649e-13,1
5300,1.7134962086439163e-06,9.326275697704946e-07,6.097558311760304e-13,1
5301,1.7134962086439163e-06,9.323619218012859e-07,6.101707740811449e-13,1
5302,1.7134962086439163e-06,9.320963995854404e-07,6.105856615966227e-13,1
5303,1.7134962086439163e-06,9.318310030397275e-07,6.110004936522389e-13,1
5304,1.7134962086439163e-06,9.315657320809869e-07,6.114152701779299e-13,1
5305,1.7134962086439163e-06,9.313005866261295e-07,6.118299911037925e-13,1
5306,1.7134962086439163e-06,9.310355665921362e-07,6.122446563600841e-13,1
5307,1.7134962086439163e-06,9.307706718960592e-07,6.126592658772211e-13,1
5308,1.7134962086439163e-06,9.305059024550203e-07,6.130738195857811e-13,1
5309,1.7134962086439163e-06,9.302412581862124e-07,6.134883174165002e-13,1
5310,1.7134962086439163e-06,9.299767390068989e-07,6.139027593002732e-13,1
5311,1.7134962086439163e-06,9.297123448344123e-07,6.143171451681551e-13,1
5312,1.7134962086439163e-06,9.294480755861566e-07,6.147314749513585e-13,1
5313,1.7134962086439163e-06,9.291839311796052e-07,6.151457485812546e-13,1
5314,1.7134962086439163e-06,9.289199115323018e-07,6.155599659893725e-13,1
5315,1.7134962086439163e-06,9.286560165618597e-07,6.159741271073995e-13,1
5316,1.7134962086439163e-06,9.283922461859627e-07,6.163882318671799e-13,1
5317,1.7134962086439163e-06,9.281286003223637e-07,6.168022802007157e-13,1
5318,1.7134962086439163e-06,9.27865078888886e-07,6.172162720401653e-13,1
5319,1.7134962086439163e-06,9.276016818034223e-07,6.176302073178441e-13,1
5320,1.7134962086439163e-06,9.273384089839343e-07,6.180440859662245e-13,1
5321,1.7134962086439163e-06,9.270752603484548e-07,6.18457907917933e-13,1
5322,1.7134962086439163e-06,9.268122358150842e-07,6.188716731057547e-13,1
5323,1.7134962086439163e-06,9.265493353019936e-07,6.192853814626283e-13,1
5324,1.7134962086439163e-06,9.262865587274232e-07,6.196990329216477e-13,1
5325,1.7134962086439163e-06,9.260239060096816e-07,6.201126274160638e-13,1
5326,1.7134962086439163e-06,9.25761377067148e-07,6.205261648792796e-13,1
5327,1.7134962086439163e-06,9.254989718182689e-07,6.209396452448555e-13,1
5328,1.7134962086439163e-06,9.252366901815617e-07,6.213530684465033e-13,1
5329,1.7134962086439163e-06,9.249745320756115e-07,6.217664344180903e-13,1
5330,1.7134962086439163e-06,9.247124974190725e-07,6.221797430936378e-13,1
5331,1.7134962086439163e-06,9.244505861306685e-07,6.225929944073188e-13,1
5332,1.7134962086439163e-06,9.241887981291907e-07,6.230061882934616e-13,1
5333,1.7134962086439163e-06,9.239271333335003e-07,6.234193246865455e-13,1
5334,1.7134962086439163e-06,9.236655916625259e-07,6.238324035212038e-13,1
5335,1.7134962086439163e-06,9.234041730352658e-07,6.242454247322211e-13,1
5336,1.7134962086439163e-06,9.231428773707859e-07,6.246583882545347e-13,1
5337,1.7134962086439163e-06,9.22881704588221e-07,6.250712940232332e-13,1
5338,1.7134962086439163e-06,9.226206546067736e-07,6.254841419735576e-13,1
5339,1.7134962086439163e-06,9.223597273457152e-07,6.25896932040899e-13,1
5340,1.7134962086439163e-06,9.22098922724385e-07,6.263096641608003e-13,1
5341,1.7134962086439163e-06,9.218382406621906e-07,6.267223382689552e-13,1
5342,1.7134962086439163e-06,9.21577681078607e-07,6.271349543012076e-13,1
5343,1.7134962086439163e-06,9.213172438931784e-07,6.27547512193551e-13,1
5344,1.7134962086439163e-06,9.210569290255155e-07,6.279600118821301e-13,1
5345,1.7134962086439163e-06,9.207967363952974e-07,6.283724533032389e-13,1
5346,1.7134962086439163e-06,9.205366659222718e-07,6.287848363933195e-13,1
5347,1.7134962086439163e-06,9.202767175262523e-07,6.29197161088966e-13,1
5348,1.7134962086439163e-06,9.20016891127122e-07,6.296094273269177e-13,1
5349,1.7134962086439163e-06,9.197571866448301e-07,6.300216350440659e-13,1
5350,1.7134962086439163e-06,9.194976039993941e-07,6.304337841774484e-13,1
5351,1.7134962086439163e-06,9.192381431108985e-07,6.308458746642516e-13,1
5352,1.7134962086439163e-06,9.189788038994955e-07,6.312579064418099e-13,1
5353,1.7134962086439163e-06,9.187195862854044e-07,6.316698794476048e-13,1
5354,1.7134962086439163e-06,9.184604901889114e-07,6.320817936192659e-13,1
5355,1.7134962086439163e-06,9.1820151553037e-07,6.324936488945698e-13,1
5356,1.7134962086439163e-06,9.179426622302013e-07,6.32905445211439e-13,1
5357,1.7134962086439163e-06,9.17683930208893e-07,6.333171825079432e-13,1
5358,1.7134962086439163e-06,9.174253193869991e-07,6.337288607222989e-13,1
5359,1.7134962086439163e-06,9.171668296851418e-07,6.341404797928676e-13,1
5360,1.7134962086439163e-06,9.169084610240087e-07,6.345520396581578e-13,1
5361,1.7134962086439163e-06,9.166502133243549e-07,6.349635402568225e-13,1
5362,1.7134962086439163e-06,9.163920865070022e-07,6.353749815276606e-13,1
5363,1.7134962086439163e-06,9.161340804928385e-07,6.357863634096159e-13,1
5364,1.7134962086439163e-06,9.158761952028187e-07,6.361976858417768e-13,1
5365,1.7134962086439163e-06,9.156184305579639e-07,6.366089487633763e-13,1
5366,1.7134962086439163e-06,9.153607864793616e-07,6.37020152113792e-13,1
5367,1.7134962086439163e-06,9.151032628881656e-07,6.374312958325451e-13,1
5368,1.7134962086439163e-06,9.148458597055959e-07,6.37842379859301e-13,1
5369,1.7134962086439163e-06,9.145885768529389e-07,6.382534041338679e-13,1
5370,1.7134962086439163e-06,9.143314142515467e-07,6.386643685961986e-13,1
5371,1.7134962086439163e-06,9.14074371822838e-07,6.390752731863868e-13,1
5372,1.7134962086439163e-06,9.138174494882968e-07,6.394861178446713e-13,1
5373,1.7134962086439163e-06,9.135606471694737e-07,6.398969025114318e-13,1
5374,1.7134962086439163e-06,9.133039647879845e-07,6.403076271271911e-13,1
5375,1.7134962086439163e-06,9.130474022655111e-07,6.407182916326137e-13,1
5376,1.7134962086439163e-06,9.127909595238011e-07,6.411288959685058e-13,1
5377,1.7134962086439163e-06,9.125346364846677e-07,6.415394400758153e-13,1
5378,1.7134962086439163e-06,9.122784330699897e-07,6.41949923895631e-13,1
5379,1.7134962086439163e-06,9.120223492017111e-07,6.423603473691837e-13,1
5380,1.7134962086439163e-06,9.117663848018419e-07,6.427707104378438e-13,1
5381,1.7134962086439163e-06,9.115105397924567e-07,6.431810130431231e-13,1
5382,1.7134962086439163e-06,9.112548140956963e-07,6.43591255126673e-13,1
5383,1.7134962086439163e-06,9.109992076337662e-07,6.440014366302849e-13,1
5384,1.7134962086439163e-06,9.107437203289366e-07,6.444115574958917e-13,1
5385,1.7134962086439163e-06,9.104883521035438e-07,6.448216176655635e-13,1
5386,1.7134962086439163e-06,9.102331028799886e-07,6.452316170815111e-13,1
5387,1.7134962086439163e-06,9.099779725807367e-07,6.456415556860837e-13,1
5388,1.7134962086439163e-06,9.097229611283189e-07,6.460514334217698e-13,1
5389,1.7134962086439163e-06,9.094680684453308e-07,6.464612502311963e-13,1
5390,1.7134962086439163e-06,9.092132944544325e-07,6.468710060571286e-13,1
5391,1.7134962086439163e-06,9.08958639078349e-07,6.472807008424702e-13,1
5392,1.7134962086439163e-06,9.0870410223987e-07,6.476903345302618e-13,1
5393,1.7134962086439163e-06,9.084496838618499e-07,6.480999070636824e-13,1
5394,1.7134962086439163e-06,9.081953838672071e-07,6.485094183860482e-13,1
5395,1.7134962086439163e-06,9.079412021789249e-07,6.489188684408124e-13,1
5396,1.7134962086439163e-06,9.076871387200506e-07,6.493282571715656e-13,1
5397,1.7134962086439163e-06,9.074331934136964e-07,6.497375845220338e-13,1
5398,1.7134962086439163e-06,9.071793661830379e-07,6.501468504360811e-13,1
5399,1.7134962086439163e-06,9.069256569513156e-07,6.505560548577063e-13,1
5400,1.7134962086439163e-06,9.066720656418336e-07,6.509651977310453e-13,1
5401,1.7134962086439163e-06,9.064185921779605e-07,6.513742790003686e-13,1
5402,1.7134962086439163e-06,9.061652364831283e-07,6.517832986100831e-13,1
5403,1.7134962086439163e-06,9.059119984808336e-07,6.521922565047302e-13,1
5404,1.7134962086439163e-06,9.056588780946362e-07,6.526011526289869e-13,1
5405,1.7134962086439163e-06,9.054058752481603e-07,6.530099869276642e-13,1
5406,1.7134962086439163e-06,9.051529898650929e-07,6.534187593457087e-13,1
5407,1.7134962086439163e-06,9.049002218691856e-07,6.538274698282005e-13,1
5408,1.7134962086439163e-06,9.046475711842535e-07,6.542361183203532e-13,1
5409,1.7134962086439163e-06,9.043950377341745e-07,6.546447047675154e-13,1
5410,1.7134962086439163e-06,9.041426214428903e-07,6.550532291151689e-13,1
5411,1.7134962086439163e-06,9.038903222344064e-07,6.554616913089283e-13,1
5412,1.7134962086439163e-06,9.036381400327914e-07,6.558700912945416e-13,1
5413,1.7134962086439163e-06,9.033860747621766e-07,6.562784290178902e-13,1
5414,1.7134962086439163e-06,9.031341263467572e-07,6.566867044249878e-13,1
5415,1.7134962086439163e-06,9.028822947107914e-07,6.570949174619797e-13,1
5416,1.7134962086439163e-06,9.026305797786002e-07,6.575030680751446e-13,1
5417,1.7134962086439163e-06,9.023789814745679e-07,6.579111562108924e-13,1
5418,1.7134962086439163e-06,9.021274997231415e-07,6.583191818157651e-13,1
5419,1.7134962086439163e-06,9.018761344488311e-07,6.587271448364356e-13,1
5420,1.7134962086439163e-06,9.016248855762093e-07,6.591350452197091e-13,1
5421,1.7134962086439163e-06,9.01373753029912e-07,6.595428829125205e-13,1
5422,1.7134962086439163e-06,9.011227367346371e-07,6.599506578619365e-13,1
5423,1.7134962086439163e-06,9.008718366151455e-07,6.603583700151541e-13,1
5424,1.7134962086439163e-06,9.006210525962606e-07,6.607660193195007e-13,1
5425,1.7134962086439163e-06,9.003703846028684e-07,6.611736057224332e-13,1
5426,1.7134962086439163e-06,9.001198325599172e-07,6.615811291715393e-13,1
5427,1.7134962086439163e-06,8.998693963924177e-07,6.619885896145355e-13,1
5428,1.7134962086439163e-06,8.99619076025443e-07,6.623959869992681e-13,1
5429,1.7134962086439163e-06,8.993688713841281e-07,6.62803321273713e-13,1
5430,1.7134962086439163e-06,8.991187823936707e-07,6.632105923859743e-13,1
5431,1.7134962086439163e-06,8.988688089793303e-07,6.636178002842852e-13,1
5432,1.7134962086439163e-06,8.986189510664282e-07,6.640249449170079e-13,1
5433,1.7134962086439163e-06,8.983692085803483e-07,6.644320262326321e-13,1
5434,1.7134962086439163e-06,8.981195814465358e-07,6.648390441797761e-13,1
5435,1.7134962086439163e-06,8.978700695904985e-07,6.652459987071853e-13,1
5436,1.7134962086439163e-06,8.976206729378054e-07,6.656528897637336e-13,1
5437,1.7134962086439163e-06,8.973713914140869e-07,6.660597172984225e-13,1
5438,1.7134962086439163e-06,8.971222249450363e-07,6.664664812603792e-13,1
5439,1.7134962086439163e-06,8.968731734564074e-07,6.668731815988595e-13,1
5440,1.7134962086439163e-06,8.966242368740162e-07,6.672798182632446e-13,1
5441,1.7134962086439163e-06,8.963754151237397e-07,6.676863912030431e-13,1
5442,1.7134962086439163e-06,8.961267081315165e-07,6.680929003678901e-13,1
5443,1.7134962086439163e-06,8.958781158233468e-07,6.684993457075454e-13,1
5444,1.7134962086439163e-06,8.956296381252919e-07,6.689057271718961e-13,1
5445,1.7134962086439163e-06,8.953812749634744e-07,6.693120447109538e-13,1
5446,1.7134962086439163e-06,8.951330262640777e-07,6.69718298274857e-13,1
5447,1.7134962086439163e-06,8.948848919533473e-07,6.701244878138672e-13,1
5448,1.7134962086439163e-06,8.946368719575883e-07,6.705306132783731e-13,1
5449,1.7134962086439163e-06,8.943889662031685e-07,6.70936674618886e-13,1
5450,1.7134962086439163e-06,8.941411746165148e-07,6.713426717860442e-13,1
5451,1.7134962086439163e-06,8.938934971241166e-07,6.71748604730608e-13,1
5452,1.7134962086439163e-06,8.936459336525231e-07,6.72154473403463e-13,1
5453,1.7134962086439163e-06,8.933984841283448e-07,6.725602777556184e-13,1
5454,1.7134962086439163e-06,8.931511484782521e-07,6.729660177382074e-13,1
5455,1.7134962086439163e-06,8.92903926628977e-07,6.733716933024857e-13,1
5456,1.7134962086439163e-06,8.926568185073115e-07,6.737773043998333e-13,1
5457,1.7134962086439163e-06,8.92409824040108e-07,6.74182850981753e-13,1
5458,1.7134962086439163e-06,8.921629431542801e-07,6.745883329998693e-13,1
5459,1.7134962086439163e-06,8.91916175776801e-07,6.749937504059303e-13,1
5460,1.7134962086439163e-06,8.916695218347041e-07,6.753991031518071e-13,1
5461,1.7134962086439163e-06,8.91422981255084e-07,6.758043911894909e-13,1
5462,1.7134962086439163e-06,8.911765539650944e-07,6.76209614471097e-13,1
5463,1.7134962086439163e-06,8.909302398919499e-07,6.766147729488611e-13,1
5464,1.7134962086439163e-06,8.906840389629249e-07,6.770198665751407e-13,1
5465,1.7134962086439163e-06,8.904379511053537e-07,6.774248953024148e-13,1
5466,1.7134962086439163e-06,8.901919762466309e-07,6.778298590832834e-13,1
5467,1.7134962086439163e-06,8.899461143142105e-07,6.782347578704674e-13,1
5468,1.7134962086439163e-06,8.89700365235607e-07,6.786395916168078e-13,1
5469,1.7134962086439163e-06,8.894547289383937e-07,6.790443602752672e-13,1
5470,1.7134962086439163e-06,8.89209205350205e-07,6.79449063798927e-13,1
5471,1.7134962086439163e-06,8.889637943987335e-07,6.798537021409898e-13,1
5472,1.7134962086439163e-06,8.887184960117322e-07,6.802582752547778e-13,1
5473,1.7134962086439163e-06,8.884733101170135e-07,6.806627830937323e-13,1
5474,1.7134962086439163e-06,8.882282366424493e-07,6.810672256114143e-13,1
5475,1.7134962086439163e-06,8.879832755159708e-07,6.814716027615039e-13,1
5476,1.7134962086439163e-06,8.877384266655687e-07,6.818759144978004e-13,1
5477,1.7134962086439163e-06,8.874936900192928e-07,6.822801607742215e-13,1
5478,1.7134962086439163e-06,8.872490655052522e-07,6.826843415448041e-13,1
5479,1.7134962086439163e-06,8.870045530516155e-07,6.830884567637025e-13,1
5480,1.7134962086439163e-06,8.867601525866097e-07,6.834925063851901e-13,1
5481,1.7134962086439163e-06,8.865158640385215e-07,6.838964903636576e-13,1
5482,1.7134962086439163e-06,8.862716873356966e-07,6.843004086536132e-13,1
5483,1.7134962086439163e-06,8.86027622406539e-07,6.84704261209684e-13,1
5484,1.7134962086439163e-06,8.85783669179512e-07,6.851080479866131e-13,1
5485,1.7134962086439163e-06,8.855398275831381e-07,6.855117689392606e-13,1
5486,1.7134962086439163e-06,8.852960975459979e-07,6.859154240226045e-13,1
5487,1.7134962086439163e-06,8.85052478996731e-07,6.863190131917388e-13,1
5488,1.7134962086439163e-06,8.848089718640356e-07,6.867225364018742e-13,1
5489,1.7134962086439163e-06,8.845655760766684e-07,6.871259936083379e-13,1
5490,1.7134962086439163e-06,8.843222915634447e-07,6.875293847665728e-13,1
5491,1.7134962086439163e-06,8.840791182532386e-07,6.879327098321377e-13,1
5492,1.7134962086439163e-06,8.838360560749822e-07,6.883359687607072e-13,1
5493,1.7134962086439163e-06,8.835931049576655e-07,6.887391615080721e-13,1
5494,1.7134962086439163e-06,8.833502648303379e-07,6.891422880301369e-13,1
5495,1.7134962086439163e-06,8.831075356221063e-07,6.895453482829226e-13,1
5496,1.7134962086439163e-06,8.828649172621357e-07,6.899483422225646e-13,1
5497,1.7134962086439163e-06,8.826224096796497e-07,6.903512698053125e-13,1
5498,1.7134962086439163e-06,8.823800128039295e-07,6.907541309875314e-13,1
5499,1.7134962086439163e-06,8.821377265643146e-07,6.911569257256995e-13,1
5500,1.7134962086439163e-06,8.818955508902023e-07,6.915596539764098e-13,1
5501,1.7134962086439163e-06,8.816534857110478e-07,6.91962315696369e-13,1
5502,1.7134962086439163e-06,8.814115309563641e-07,6.923649108423977e-13,1
5503,1.7134962086439163e-06,8.81169686555722e-07,6.927674393714295e-13,1
5504,1.7134962086439163e-06,8.8092795243875e-07,6.931699012405115e-13,1
5505,1.7134962086439163e-06,8.806863285351344e-07,6.935722964068037e-13,1
5506,1.7134962086439163e-06,8.804448147746185e-07,6.9397462482758e-13,1
5507,1.7134962086439163e-06,8.802034110870042e-07,6.943768864602249e-13,1
5508,1.7134962086439163e-06,8.799621174021497e-07,6.947790812622377e-13,1
5509,1.7134962086439163e-06,8.797209336499715e-07,6.951812091912283e-13,1
5510,1.7134962086439163e-06,8.794798597604431e-07,6.955832702049193e-13,1
5511,1.7134962086439163e-06,8.792388956635951e-07,6.959852642611457e-13,1
5512,1.7134962086439163e-06,8.789980412895158e-07,6.96387191317853e-13,1
5513,1.7134962086439163e-06,8.787572965683505e-07,6.967890513330993e-13,1
5514,1.7134962086439163e-06,8.785166614303015e-07,6.971908442650532e-13,1
5515,1.7134962086439163e-06,8.782761358056283e-07,6.975925700719951e-13,1
5516,1.7134962086439163e-06,8.780357196246474e-07,6.979942287123161e-13,1
5517,1.7134962086439163e-06,8.777954128177323e-07,6.983958201445173e-13,1
5518,1.7134962086439163e-06,8.775552153153135e-07,6.987973443272113e-13,1
5519,1.7134962086439163e-06,8.773151270478778e-07,6.991988012191209e-13,1
5520,1.7134962086439163e-06,8.770751479459696e-07,6.996001907790784e-13,1
5521,1.7134962086439163e-06,8.768352779401895e-07,7.000015129660264e-13,1
5522,1.7134962086439163e-06,8.76595516961195e-07,7.004027677390174e-13,1
5523,1.7134962086439163e-06,8.763558649397e-07,7.008039550572134e-13,1
5524,1.7134962086439163e-06,8.761163218064752e-07,7.012050748798857e-13,1
5525,1.7134962086439163e-06,8.758768874923479e-07,7.016061271664144e-13,1
5526,1.7134962086439163e-06,8.756375619282012e-07,7.020071118762897e-13,1
5527,1.7134962086439163e-06,8.753983450449755e-07,7.024080289691088e-13,1
5528,1.7134962086439163e-06,8.751592367736667e-07,7.028088784045797e-13,1
5529,1.7134962086439163e-06,8.749202370453278e-07,7.032096601425168e-13,1
5530,1.7134962086439163e-06,8.746813457910674e-07,7.036103741428438e-13,1
5531,1.7134962086439163e-06,8.744425629420506e-07,7.04011020365592e-13,1
5532,1.7134962086439163e-06,8.742038884294983e-07,7.044115987709012e-13,1
5533,1.7134962086439163e-06,8.73965322184688e-07,7.048121093190177e-13,1
5534,1.7134962086439163e-06,8.737268641389524e-07,7.052125519702968e-13,1
5535,1.7134962086439163e-06,8.734885142236809e-07,7.056129266851997e-13,1
5536,1.7134962086439163e-06,8.732502723703187e-07,7.060132334242948e-13,1
5537,1.7134962086439163e-06,8.730121385103662e-07,7.064134721482585e-13,1
5538,1.7134962086439163e-06,8.727741125753803e-07,7.068136428178727e-13,1
5539,1.7134962086439163e-06,8.725361944969733e-07,7.072137453940266e-13,1
5540,1.7134962086439163e-06,8.722983842068133e-07,7.076137798377152e-13,1
5541,1.7134962086439163e-06,8.720606816366237e-07,7.080137461100404e-13,1
5542,1.7134962086439163e-06,8.718230867181839e-07,7.084136441722088e-13,1
5543,1.7134962086439163e-06,8.715855993833285e-07,7.088134739855342e-13,1
5544,1.7134962086439163e-06,8.713482195639477e-07,7.09213235511435e-13,1
5545,1.7134962086439163e-06,8.711109471919871e-07,7.096129287114351e-13,1
5546,1.7134962086439163e-06,8.708737821994476e-07,7.100125535471641e-13,1
5547,1.7134962086439163e-06,8.706367245183851e-07,7.104121099803567e-13,1
5548,1.7134962086439163e-06,8.703997740809114e-07,7.108115979728512e-13,1
5549,1.7134962086439163e-06,8.701629308191925e-07,7.112110174865928e-13,1
5550,1.7134962086439163e-06,8.699261946654509e-07,7.116103684836285e-13,1
5551,1.7134962086439163e-06,8.696895655519625e-07,7.120096509261119e-13,1
5552,1.7134962086439163e-06,8.694530434110598e-07,7.124088647762991e-13,1
5553,1.7134962086439163e-06,8.692166281751289e-07,7.128080099965517e-13,1
5554,1.7134962086439163e-06,8.689803197766119e-07,7.132070865493333e-13,1
5555,1.7134962086439163e-06,8.687441181480051e-07,7.136060943972122e-13,1
5556,1.7134962086439163e-06,8.685080232218595e-07,7.140050335028603e-13,1
5557,1.7134962086439163e-06,8.682720349307817e-07,7.144039038290512e-13,1
5558,1.7134962086439163e-06,8.680361532074319e-07,7.148027053386634e-13,1
5559,1.7134962086439163e-06,8.678003779845256e-07,7.152014379946769e-13,1
5560,1.7134962086439163e-06,8.675647091948325e-07,7.156001017601754e-13,1
5561,1.7134962086439163e-06,8.673291467711771e-07,7.159986965983441e-13,1
5562,1.7134962086439163e-06,8.670936906464386e-07,7.163972224724706e-13,1
5563,1.7134962086439163e-06,8.668583407535498e-07,7.167956793459457e-13,1
5564,1.7134962086439163e-06,8.666230970254987e-07,7.171940671822609e-13,1
5565,1.7134962086439163e-06,8.663879593953271e-07,7.175923859450099e-13,1
5566,1.7134962086439163e-06,8.661529277961312e-07,7.179906355978884e-13,1
5567,1.7134962086439163e-06,8.659180021610614e-07,7.18388816104693e-13,1
5568,1.7134962086439163e-06,8.656831824233223e-07,7.187869274293217e-13,1
5569,1.7134962086439163e-06,8.654484685161727e-07,7.191849695357729e-13,1
5570,1.7134962086439163e-06,8.652138603729251e-07,7.195829423881473e-13,1
5571,1.7134962086439163e-06,8.649793579269461e-07,7.199808459506452e-13,1
5572,1.7134962086439163e-06,8.647449611116565e-07,7.203786801875674e-13,1
5573,1.7134962086439163e-06,8.645106698605305e-07,7.207764450633159e-13,1
5574,1.7134962086439163e-06,8.642764841070968e-07,7.211741405423917e-13,1
5575,1.7134962086439163e-06,8.640424037849373e-07,7.215717665893965e-13,1
5576,1.7134962086439163e-06,8.638084288276873e-07,7.219693231690325e-13,1
5577,1.7134962086439163e-06,8.635745591690371e-07,7.223668102460995e-13,1
5578,1.7134962086439163e-06,8.633407947427291e-07,7.22764227785499e-13,1
5579,1.7134962086439163e-06,8.631071354825603e-07,7.231615757522302e-13,1
5580,1.7134962086439163e-06,8.628735813223807e-07,7.235588541113922e-13,1
5581,1.7134962086439163e-06,8.626401321960938e-07,7.239560628281827e-13,1
5582,1.7134962086439163e-06,8.624067880376567e-07,7.243532018678987e-13,1
5583,1.7134962086439163e-06,8.621735487810795e-07,7.247502711959354e-13,1
5584,1.7134962086439163e-06,8.619404143604264e-07,7.251472707777854e-13,1
5585,1.7134962086439163e-06,8.617073847098137e-07,7.255442005790418e-13,1
5586,1.7134962086439163e-06,8.614744597634114e-07,7.259410605653941e-13,1
5587,1.7134962086439163e-06,8.612416394554433e-07,7.263378507026297e-13,1
5588,1.7134962086439163e-06,8.610089237201852e-07,7.267345709566348e-13,1
5589,1.7134962086439163e-06,8.607763124919665e-07,7.271312212933921e-13,1
5590,1.7134962086439163e-06,8.605438057051697e-07,7.27527801678982e-13,1
5591,1.7134962086439163e-06,8.603114032942296e-07,7.279243120795829e-13,1
5592,1.7134962086439163e-06,8.600791051936348e-07,7.283207524614685e-13,1
5593,1.7134962086439163e-06,8.598469113379256e-07,7.287171227910118e-13,1
5594,1.7134962086439163e-06,8.596148216616964e-07,7.291134230346796e-13,1
5595,1.7134962086439163e-06,8.593828360995933e-07,7.295096531590377e-13,1
5596,1.7134962086439163e-06,8.591509545863152e-07,7.299058131307471e-13,1
5597,1.7134962086439163e-06,8.589191770566141e-07,7.303019029165649e-13,1
5598,1.7134962086439163e-06,8.58687503445294e-07,7.306979224833452e-13,1
5599,1.7134962086439163e-06,8.584559336872121e-07,7.310938717980364e-13,1
5600,1.7134962086439163e-06,8.582244677172769e-07,7.314897508276846e-13,1
5601,1.7134962086439163e-06,8.579931054704508e-07,7.318855595394292e-13,1
5602,1.7134962086439163e-06,8.577618468817475e-07,7.322812979005065e-13,1
5603,1.7134962086439163e-06,8.575306918862333e-07,7.326769658782474e-13,1
5604,1.7134962086439163e-06,8.572996404190267e-07,7.330725634400781e-13,1
5605,1.7134962086439163e-06,8.570686924152986e-07,7.334680905535193e-13,1
5606,1.7134962086439163e-06,8.568378478102719e-07,7.338635471861866e-13,1
5607,1.7134962086439163e-06,8.566071065392216e-07,7.342589333057899e-13,1
5608,1.7134962086439163e-06,8.563764685374749e-07,7.346542488801338e-13,1
5609,1.7134962086439163e-06,8.561459337404105e-07,7.350494938771171e-13,1
5610,1.7134962086439163e-06,8.559155020834598e-07,7.354446682647319e-13,1
5611,1.7134962086439163e-06,8.556851735021056e-07,7.358397720110648e-13,1
5612,1.7134962086439163e-06,8.554549479318826e-07,7.362348050842963e-13,1
5613,1.7134962086439163e-06,8.552248253083776e-07,7.366297674526992e-13,1
5614,1.7134962086439163e-06,8.549948055672286e-07,7.370246590846415e-13,1
5615,1.7134962086439163e-06,8.547648886441257e-07,7.374194799485828e-13,1
5616,1.7134962086439163e-06,8.545350744748106e-07,7.378142300130766e-13,1
5617,1.7134962086439163e-06,8.543053629950763e-07,7.382089092467688e-13,1
5618,1.7134962086439163e-06,8.54075754140768e-07,7.386035176183981e-13,1
5619,1.7134962086439163e-06,8.538462478477815e-07,7.389980550967961e-13,1
5620,1.7134962086439163e-06,8.536168440520651e-07,7.393925216508858e-13,1
5621,1.7134962086439163e-06,8.533875426896172e-07,7.397869172496841e-13,1
5622,1.7134962086439163e-06,8.531583436964887e-07,7.401812418622982e-13,1
5623,1.7134962086439163e-06,8.52929247008781e-07,7.405754954579285e-13,1
5624,1.7134962086439163e-06,8.527002525626474e-07,7.409696780058658e-13,1
5625,1.7134962086439163e-06,8.524713602942918e-07,7.41363789475494e-13,1
5626,1.7134962086439163e-06,8.522425701399697e-07,7.417578298362869e-13,1
5627,1.7134962086439163e-06,8.520138820359873e-07,7.421517990578105e-13,1
5628,1.7134962086439163e-06,8.517852959187021e-07,7.425456971097218e-13,1
5629,1.7134962086439163e-06,8.515568117245224e-07,7.429395239617686e-13,1
5630,1.7134962086439163e-06,8.513284293899077e-07,7.433332795837889e-13,1
5631,1.7134962086439163e-06,8.51100148851368e-07,7.437269639457127e-13,1
5632,1.7134962086439163e-06,8.508719700454648e-07,7.441205770175583e-13,1
5633,1.7134962086439163e-06,8.506438929088095e-07,7.445141187694365e-13,1
5634,1.7134962086439163e-06,8.504159173780648e-07,7.449075891715472e-13,1
5635,1.7134962086439163e-06,8.501880433899442e-07,7.453009881941798e-13,1
5636,1.7134962086439163e-06,8.499602708812116e-07,7.456943158077139e-13,1
5637,1.7134962086439163e-06,8.497325997886812e-07,7.460875719826195e-13,1
5638,1.7134962086439163e-06,8.495050300492183e-07,7.464807566894553e-13,1
5639,1.7134962086439163e-06,8.492775615997387e-07,7.468738698988689e-13,1
5640,1.7134962086439163e-06,8.490501943772079e-07,7.472669115815982e-13,1
5641,1.7134962086439163e-06,8.488229283186428e-07,7.476598817084692e-13,1
5642,1.7134962086439163e-06,8.485957633611097e-07,7.480527802503972e-13,1
5643,1.7134962086439163e-06,8.483686994417259e-07,7.48445607178386e-13,1
5644,1.7134962086439163e-06,8.481417364976585e-07,7.488383624635286e-13,1
5645,1.7134962086439163e-06,8.479148744661251e-07,7.492310460770051e-13,1
5646,1.7134962086439163e-06,8.476881132843935e-07,7.496236579900847e-13,1
5647,1.7134962086439163e-06,8.474614528897809e-07,7.500161981741251e-13,1
5648,1.7134962086439163e-06,8.472348932196554e-07,7.504086666005709e-13,1
5649,1.7134962086439163e-06,8.470084342114349e-07,7.508010632409549e-13,1
5650,1.7134962086439163e-06,8.467820758025869e-07,7.511933880668977e-13,1
5651,1.7134962086439163e-06,8.465558179306293e-07,7.515856410501069e-13,1
5652,1.7134962086439163e-06,8.463296605331293e-07,7.51977822162378e-13,1
5653,1.7134962086439163e-06,8.461036035477042e-07,7.523699313755934e-13,1
5654,1.7134962086439163e-06,8.458776469120213e-07,7.527619686617222e-13,1
5655,1.7134962086439163e-06,8.456517905637971e-07,7.531539339928208e-13,1
5656,1.7134962086439163e-06,8.454260344407984e-07,7.535458273410316e-13,1
5657,1.7134962086439163e-06,8.452003784808406e-07,7.539376486785849e-13,1
5658,1.7134962086439163e-06,8.449748226217899e-07,7.543293979777955e-13,1
5659,1.7134962086439163e-06,8.447493668015612e-07,7.54721075211066e-13,1
5660,1.7134962086439163e-06,8.44524010958119e-07,7.551126803508845e-13,1
5661,1.7134962086439163e-06,8.442987550294774e-07,7.555042133698247e-13,1
5662,1.7134962086439163e-06,8.440735989537e-07,7.558956742405464e-13,1
5663,1.7134962086439163e-06,8.43848542668899e-07,7.562870629357953e-13,1
5664,1.7134962086439163e-06,8.436235861132366e-07,7.566783794284024e-13,1
5665,1.7134962086439163e-06,8.433987292249243e-07,7.570696236912833e-13,1
5666,1.7134962086439163e-06,8.43173971942222e-07,7.5746079569744e-13,1
5667,1.7134962086439163e-06,8.429493142034397e-07,7.578518954199584e-13,1
5668,1.7134962086439163e-06,8.427247559469355e-07,7.582429228320103e-13,1
5669,1.7134962086439163e-06,8.425002971111175e-07,7.586338779068512e-13,1
5670,1.7134962086439163e-06,8.42275937634442e-07,7.59024760617822e-13,1
5671,1.7134962086439163e-06,8.420516774554148e-07,7.594155709383473e-13,1
5672,1.7134962086439163e-06,8.418275165125903e-07,7.598063088419366e-13,1
5673,1.7134962086439163e-06,8.416034547445716e-07,7.601969743021834e-13,1
5674,1.7134962086439163e-06,8.413794920900111e-07,7.605875672927647e-13,1
5675,1.7134962086439163e-06,8.411556284876095e-07,7.60978087787442e-13,1
5676,1.7134962086439163e-06,8.409318638761164e-07,7.613685357600601e-13,1
5677,1.7134962086439163e-06,8.407081981943303e-07,7.617589111845468e-13,1
5678,1.7134962086439163e-06,8.404846313810974e-07,7.62149214034915e-13,1
5679,1.7134962086439163e-06,8.402611633753137e-07,7.625394442852585e-13,1
5680,1.7134962086439163e-06,8.400377941159227e-07,7.629296019097564e-13,1
5681,1.7134962086439163e-06,8.398145235419171e-07,7.63319686882669e-13,1
5682,1.7134962086439163e-06,8.395913515923376e-07,7.637096991783403e-13,1
5683,1.7134962086439163e-06,8.393682782062733e-07,7.64099638771197e-13,1
5684,1.7134962086439163e-06,8.391453033228618e-07,7.644895056357476e-13,1
5685,1.7134962086439163e-06,8.389224268812888e-07,7.64879299746584e-13,1
5686,1.7134962086439163e-06,8.386996488207885e-07,7.652690210783793e-13,1
5687,1.7134962086439163e-06,8.384769690806427e-07,7.656586696058896e-13,1
5688,1.7134962086439163e-06,8.382543876001823e-07,7.660482453039518e-13,1
5689,1.7134962086439163e-06,8.380319043187853e-07,7.664377481474857e-13,1
5690,1.7134962086439163e-06,8.378095191758783e-07,7.668271781114921e-13,1
5691,1.7134962086439163e-06,8.375872321109359e-07,7.672165351710533e-13,1
5692,1.7134962086439163e-06,8.373650430634805e-07,7.676058193013331e-13,1
5693,1.7134962086439163e-06,8.371429519730826e-07,7.679950304775762e-13,1
5694,1.7134962086439163e-06,8.369209587793601e-07,7.683841686751092e-13,1
5695,1.7134962086439163e-06,8.366990634219793e-07,7.687732338693386e-13,1
5696,1.7134962086439163e-06,8.364772658406538e-07,7.691622260357523e-13,1
5697,1.7134962086439163e-06,8.362555659751454e-07,7.695511451499182e-13,1
5698,1.7134962086439163e-06,8.360339637652629e-07,7.69939991187486e-13,1
5699,1.7134962086439163e-06,8.358124591508634e-07,7.703287641241841e-13,1
5700,1.7134962086439163e-06,8.355910520718514e-07,7.707174639358219e-13,1
5701,1.7134962086439163e-06,8.353697424681787e-07,7.711060905982889e-13,1
5702,1.7134962086439163e-06,8.351485302798448e-07,7.714946440875545e-13,1
5703,1.7134962086439163e-06,8.349274154468965e-07,7.718831243796679e-13,1
5704,1.7134962086439163e-06,8.347063979094283e-07,7.722715314507573e-13,1
5705,1.7134962086439163e-06,8.344854776075818e-07,7.726598652770313e-13,1
5706,1.7134962086439163e-06,8.342646544815456e-07,7.730481258347778e-13,1
5707,1.7134962086439163e-06,8.340439284715565e-07,7.73436313100363e-13,1
5708,1.7134962086439163e-06,8.338232995178975e-07,7.738244270502329e-13,1
5709,1.7134962086439163e-06,8.336027675608994e-07,7.742124676609125e-13,1
5710,1.7134962086439163e-06,8.333823325409401e-07,7.74600434909005e-13,1
5711,1.7134962086439163e-06,8.331619943984441e-07,7.74988328771193e-13,1
5712,1.7134962086439163e-06,8.329417530738833e-07,7.753761492242372e-13,1
5713,1.7134962086439163e-06,8.32721608507777e-07,7.757638962449762e-13,1
5714,1.7134962086439163e-06,8.325015606406904e-07,7.761515698103279e-13,1
5715,1.7134962086439163e-06,8.322816094132366e-07,7.765391698972875e-13,1
5716,1.7134962086439163e-06,8.320617547660751e-07,7.769266964829282e-13,1
5717,1.7134962086439163e-06,8.318419966399121e-07,7.773141495444016e-13,1
5718,1.7134962086439163e-06,8.31622334975501e-07,7.777015290589363e-13,1
5719,1.7134962086439163e-06,8.314027697136412e-07,7.78088835003839e-13,1
5720,1.7134962086439163e-06,8.311833007951797e-07,7.784760673564933e-13,1
5721,1.7134962086439163e-06,8.309639281610094e-07,7.788632260943604e-13,1
5722,1.7134962086439163e-06,8.307446517520701e-07,7.792503111949785e-13,1
5723,1.7134962086439163e-06,8.305254715093482e-07,7.796373226359626e-13,1
5724,1.7134962086439163e-06,8.303063873738762e-07,7.800242603950055e-13,1
5725,1.7134962086439163e-06,8.300873992867336e-07,7.804111244498753e-13,1
5726,1.7134962086439163e-06,8.29868507189046e-07,7.807979147784175e-13,1
5727,1.7134962086439163e-06,8.296497110219851e-07,7.811846313585545e-13,1
5728,1.7134962086439163e-06,8.294310107267696e-07,7.815712741682838e-13,1
5729,1.7134962086439163e-06,8.292124062446637e-07,7.819578431856805e-13,1
5730,1.7134962086439163e-06,8.289938975169788e-07,7.823443383888938e-13,1
5731,1.7134962086439163e-06,8.287754844850713e-07,7.827307597561511e-13,1
5732,1.7134962086439163e-06,8.285571670903445e-07,7.831171072657544e-13,1
5733,1.7134962086439163e-06,8.283389452742479e-07,7.835033808960806e-13,1
5734,1.7134962086439163e-06,8.281208189782763e-07,7.838895806255839e-13,1
5735,1.7134962086439163e-06,8.279027881439715e-07,7.842757064327922e-13,1
5736,1.7134962086439163e-06,8.276848527129205e-07,7.846617582963094e-13,1
5737,1.7134962086439163e-06,8.274670126267563e-07,7.85047736194815e-13,1
5738,1.7134962086439163e-06,8.272492678271582e-07,7.854336401070625e-13,1
5739,1.7134962086439163e-06,8.27031618255851e-07,7.858194700118806e-13,1
5740,1.7134962086439163e-06,8.268140638546052e-07,7.86205225888173e-13,1
5741,1.7134962086439163e-06,8.265966045652374e-07,7.865909077149175e-13,1
5742,1.7134962086439163e-06,8.263792403296095e-07,7.869765154711668e-13,1
5743,1.7134962086439163e-06,8.261619710896296e-07,7.873620491360475e-13,1
5744,1.7134962086439163e-06,8.259447967872506e-07,7.877475086887607e-13,1
5745,1.7134962086439163e-06,8.257277173644716e-07,7.881328941085816e-13,1
5746,1.7134962086439163e-06,8.255107327633371e-07,7.885182053748587e-13,1
5747,1.7134962086439163e-06,8.252938429259371e-07,7.88903442467015e-13,1
5748,1.7134962086439163e-06,8.250770477944069e-07,7.892886053645465e-13,1
5749,1.7134962086439163e-06,8.248603473109272e-07,7.896736940470234e-13,1
5750,1.7134962086439163e-06,8.246437414177241e-07,7.900587084940891e-13,1
5751,1.7134962086439163e-06,8.24427230057069e-07,7.9044364868546e-13,1
5752,1.7134962086439163e-06,8.242108131712787e-07,7.908285146009256e-13,1
5753,1.7134962086439163e-06,8.239944907027148e-07,7.912133062203488e-13,1
5754,1.7134962086439163e-06,8.237782625937846e-07,7.915980235236652e-13,1
5755,1.7134962086439163e-06,8.235621287869403e-07,7.919826664908827e-13,1
5756,1.7134962086439163e-06,8.233460892246791e-07,7.923672351020823e-13,1
5757,1.7134962086439163e-06,8.231301438495432e-07,7.927517293374179e-13,1
5758,1.7134962086439163e-06,8.229142926041203e-07,7.931361491771144e-13,1
5759,1.7134962086439163e-06,8.226985354310422e-07,7.935204946014705e-13,1
5760,1.7134962086439163e-06,8.224828722729865e-07,7.939047655908558e-13,1
5761,1.7134962086439163e-06,8.222673030726751e-07,7.942889621257123e-13,1
5762,1.7134962086439163e-06,8.220518277728749e-07,7.946730841865544e-13,1
5763,1.7134962086439163e-06,8.218364463163975e-07,7.950571317539674e-13,1
5764,1.7134962086439163e-06,8.216211586460998e-07,7.954411048086078e-13,1
5765,1.7134962086439163e-06,8.214059647048823e-07,7.958250033312053e-13,1
5766,1.7134962086439163e-06,8.211908644356912e-07,7.962088273025592e-13,1
5767,1.7134962086439163e-06,8.209758577815168e-07,7.965925767035408e-13,1
5768,1.7134962086439163e-06,8.20760944685394e-07,7.969762515150925e-13,1
5769,1.7134962086439163e-06,8.205461250904027e-07,7.97359851718227e-13,1
5770,1.7134962086439163e-06,8.203313989396665e-07,7.977433772940289e-13,1
5771,1.7134962086439163e-06,8.20116766176354e-07,7.981268282236525e-13,1
5772,1.7134962086439163e-06,8.19902226743678e-07,7.985102044883235e-13,1
5773,1.7134962086439163e-06,8.196877805848957e-07,7.988935060693374e-13,1
5774,1.7134962086439163e-06,8.19473427643309e-07,7.992767329480599e-13,1
5775,1.7134962086439163e-06,8.192591678622633e-07,7.996598851059279e-13,1
5776,1.7134962086439163e-06,8.190450011851486e-07,8.000429625244477e-13,1
5777,1.7134962086439163e-06,8.188309275553996e-07,8.004259651851947e-13,1
5778,1.7134962086439163e-06,8.186169469164941e-07,8.008088930698162e-13,1
5779,1.7134962086439163e-06,8.184030592119553e-07,8.011917461600269e-13,1
5780,1.7134962086439163e-06,8.181892643853491e-07,8.015745244376132e-13,1
5781,1.7134962086439163e-06,8.179755623802866e-07,8.019572278844291e-13,1
5782,1.7134962086439163e-06,8.17761953140422e-07,8.023398564823992e-13,1
5783,1.7134962086439163e-06,8.17548436609454e-07,8.027224102135169e-13,1
5784,1.7134962086439163e-06,8.173350127311252e-07,8.03104889059844e-13,1
5785,1.7134962086439163e-06,8.171216814492216e-07,8.034872930035126e-13,1
5786,1.7134962086439163e-06,8.169084427075731e-07,8.038696220267231e-13,1
5787,1.7134962086439163e-06,8.166952964500539e-07,8.042518761117437e-13,1
5788,1.7134962086439163e-06,8.164822426205815e-07,8.046340552409124e-13,1
5789,1.7134962086439163e-06,8.162692811631172e-07,8.050161593966352e-13,1
5790,1.7134962086439163e-06,8.160564120216659e-07,8.053981885613863e-13,1
5791,1.7134962086439163e-06,8.15843635140276e-07,8.057801427177084e-13,1
5792,1.7134962086439163e-06,8.156309504630401e-07,8.061620218482116e-13,1
5793,1.7134962086439163e-06,8.154183579340932e-07,8.065438259355754e-13,1
5794,1.7134962086439163e-06,8.152058574976146e-07,8.069255549625461e-13,1
5795,1.7134962086439163e-06,8.149934490978271e-07,8.073072089119375e-13,1
5796,1.7134962086439163e-06,8.147811326789963e-07,8.07688787766632e-13,1
5797,1.7134962086439163e-06,8.145689081854317e-07,8.080702915095788e-13,1
5798,1.7134962086439163e-06,8.143567755614861e-07,8.084517201237942e-13,1
5799,1.7134962086439163e-06,8.14144734751555e-07,8.088330735923627e-13,1
5800,1.7134962086439163e-06,8.139327857000776e-07,8.092143518984358e-13,1
5801,1.7134962086439163e-06,8.137209283515365e-07,8.095955550252307e-13,1
5802,1.7134962086439163e-06,8.13509162650457e-07,8.09976682956033e-13,1
5803,1.7134962086439163e-06,8.132974885414078e-07,8.103577356741946e-13,1
5804,1.7134962086439163e-06,8.130859059690005e-07,8.107387131631336e-13,1
5805,1.7134962086439163e-06,8.128744148778895e-07,8.111196154063357e-13,1
5806,1.7134962086439163e-06,8.126630152127729e-07,8.115004423873518e-13,1
5807,1.7134962086439163e-06,8.124517069183913e-07,8.118811940897996e-13,1
5808,1.7134962086439163e-06,8.122404899395283e-07,8.122618704973631e-13,1
5809,1.7134962086439163e-06,8.1202936422101e-07,8.126424715937925e-13,1
5810,1.7134962086439163e-06,8.118183297077057e-07,8.130229973629038e-13,1
5811,1.7134962086439163e-06,8.116073863445274e-07,8.134034477885788e-13,1
5812,1.7134962086439163e-06,8.113965340764302e-07,8.137838228547644e-13,1
5813,1.7134962086439163e-06,8.111857728484113e-07,8.141641225454742e-13,1
5814,1.7134962086439163e-06,8.109751026055107e-07,8.145443468447872e-13,1
5815,1.7134962086439163e-06,8.107645232928115e-07,8.149244957368461e-13,1
5816,1.7134962086439163e-06,8.105540348554387e-07,8.153045692058613e-13,1
5817,1.7134962086439163e-06,8.103436372385606e-07,8.156845672361062e-13,1
5818,1.7134962086439163e-06,8.101333303873871e-07,8.160644898119209e-13,1
5819,1.7134962086439163e-06,8.099231142471715e-07,8.164443369177089e-13,1
5820,1.7134962086439163e-06,8.097129887632086e-07,8.168241085379397e-13,1
5821,1.7134962086439163e-06,8.095029538808366e-07,8.172038046571464e-13,1
5822,1.7134962086439163e-06,8.092930095454351e-07,8.175834252599278e-13,1
5823,1.7134962086439163e-06,8.090831557024265e-07,8.179629703309461e-13,1
5824,1.7134962086439163e-06,8.088733922972755e-07,8.183424398549284e-13,1
5825,1.7134962086439163e-06,8.086637192754886e-07,8.18721833816666e-13,1
5826,1.7134962086439163e-06,8.08454136582615e-07,8.191011522010137e-13,1
5827,1.7134962086439163e-06,8.082446441642458e-07,8.194803949928911e-13,1
5828,1.7134962086439163e-06,8.08035241966014e-07,8.198595621772813e-13,1
5829,1.7134962086439163e-06,8.078259299335951e-07,8.20238653739231e-13,1
5830,1.7134962086439163e-06,8.076167080127066e-07,8.2061766966385e-13,1
5831,1.7134962086439163e-06,8.074075761491072e-07,8.209966099363133e-13,1
5832,1.7134962086439163e-06,8.071985342885986e-07,8.213754745418576e-13,1
5833,1.7134962086439163e-06,8.069895823770234e-07,8.217542634657843e-13,1
5834,1.7134962086439163e-06,8.067807203602675e-07,8.221329766934559e-13,1
5835,1.7134962086439163e-06,8.065719481842568e-07,8.225116142103003e-13,1
5836,1.7134962086439163e-06,8.063632657949602e-07,8.228901760018075e-13,1
5837,1.7134962086439163e-06,8.061546731383884e-07,8.232686620535293e-13,1
5838,1.7134962086439163e-06,8.05946170160593e-07,8.236470723510818e-13,1
5839,1.7134962086439163e-06,8.05737756807668e-07,8.240254068801424e-13,1
5840,1.7134962086439163e-06,8.055294330257483e-07,8.244036656264527e-13,1
5841,1.7134962086439163e-06,8.053211987610115e-07,8.247818485758143e-13,1
5842,1.7134962086439163e-06,8.051130539596758e-07,8.25159955714093e-13,1
5843,1.7134962086439163e-06,8.049049985680012e-07,8.255379870272158e-13,1
5844,1.7134962086439163e-06,8.046970325322888e-07,8.259159425011731e-13,1
5845,1.7134962086439163e-06,8.044891557988821e-07,8.262938221220149e-13,1
5846,1.7134962086439163e-06,8.04281368314165e-07,8.266716258758553e-13,1
5847,1.7134962086439163e-06,8.040736700245634e-07,8.270493537488686e-13,1
5848,1.7134962086439163e-06,8.038660608765442e-07,8.274270057272914e-13,1
5849,1.7134962086439163e-06,8.036585408166153e-07,8.278045817974221e-13,1
5850,1.7134962086439163e-06,8.034511097913266e-07,8.281820819456199e-13,1
5851,1.7134962086439163e-06,8.032437677472686e-07,8.285595061583052e-13,1
5852,1.7134962086439163e-06,8.030365146310734e-07,8.289368544219596e-13,1
5853,1.7134962086439163e-06,8.028293503894135e-07,8.293141267231269e-13,1
5854,1.7134962086439163e-06,8.02622274969003e-07,8.296913230484105e-13,1
5855,1.7134962086439163e-06,8.024152883165975e-07,8.300684433844742e-13,1
5856,1.7134962086439163e-06,8.022083903789925e-07,8.30445487718045e-13,1
5857,1.7134962086439163e-06,8.020015811030252e-07,8.308224560359079e-13,1
5858,1.7134962086439163e-06,8.017948604355739e-07,8.311993483249093e-13,1
5859,1.7134962086439163e-06,8.01588228323557e-07,8.315761645719569e-13,1
5860,1.7134962086439163e-06,8.013816847139344e-07,8.319529047640176e-13,1
5861,1.7134962086439163e-06,8.011752295537067e-07,8.323295688881188e-13,1
5862,1.7134962086439163e-06,8.009688627899152e-07,8.327061569313477e-13,1
5863,1.7134962086439163e-06,8.00762584369642e-07,8.330826688808521e-13,1
5864,1.7134962086439163e-06,8.005563942400098e-07,8.334591047238394e-13,1
5865,1.7134962086439163e-06,8.003502923481817e-07,8.338354644475769e-13,1
5866,1.7134962086439163e-06,8.001442786413622e-07,8.342117480393905e-13,1
5867,1.7134962086439163e-06,7.999383530667955e-07,8.345879554866676e-13,1
5868,1.7134962086439163e-06,7.99732515571767e-07,8.349640867768531e-13,1
5869,1.7134962086439163e-06,7.995267661036022e-07,8.353401418974525e-13,1
5870,1.7134962086439163e-06,7.993211046096673e-07,8.3571612083603e-13,1
5871,1.7134962086439163e-06,7.99115531037369e-07,8.360920235802087e-13,1
5872,1.7134962086439163e-06,7.989100453341539e-07,8.364678501176715e-13,1
5873,1.7134962086439163e-06,7.987046474475095e-07,8.368436004361593e-13,1
5874,1.7134962086439163e-06,7.984993373249634e-07,8.372192745234725e-13,1
5875,1.7134962086439163e-06,7.982941149140836e-07,8.375948723674695e-13,1
5876,1.7134962086439163e-06,7.98088980162478e-07,8.379703939560682e-13,1
5877,1.7134962086439163e-06,7.978839330177952e-07,8.383458392772441e-13,1
5878,1.7134962086439163e-06,7.976789734277233e-07,8.387212083190318e-13,1
5879,1.7134962086439163e-06,7.974741013399916e-07,8.390965010695231e-13,1
5880,1.7134962086439163e-06,7.972693167023682e-07,8.394717175168692e-13,1
5881,1.7134962086439163e-06,7.970646194626621e-07,8.398468576492791e-13,1
5882,1.7134962086439163e-06,7.968600095687222e-07,8.40221921455019e-13,1
5883,1.7134962086439163e-06,7.966554869684373e-07,8.405969089224134e-13,1
5884,1.7134962086439163e-06,7.964510516097358e-07,8.409718200398448e-13,1
5885,1.7134962086439163e-06,7.962467034405865e-07,8.413466547957534e-13,1
5886,1.7134962086439163e-06,7.96042442408998e-07,8.417214131786362e-13,1
5887,1.7134962086439163e-06,7.958382684630186e-07,8.420960951770482e-13,1
5888,1.7134962086439163e-06,7.956341815507362e-07,8.424707007796017e-13,1
5889,1.7134962086439163e-06,7.954301816202788e-07,8.428452299749664e-13,1
5890,1.7134962086439163e-06,7.952262686198139e-07,8.432196827518686e-13,1
5891,1.7134962086439163e-06,7.95022442497549e-07,8.43594059099092e-13,1
5892,1.7134962086439163e-06,7.948187032017305e-07,8.439683590054774e-13,1
5893,1.7134962086439163e-06,7.946150506806452e-07,8.44342582459922e-13,1
5894,1.7134962086439163e-06,7.944114848826194e-07,8.447167294513796e-13,1
5895,1.7134962086439163e-06,7.942080057560184e-07,8.45090799968861e-13,1
5896,1.7134962086439163e-06,7.940046132492473e-07,8.454647940014337e-13,1
5897,1.7134962086439163e-06,7.938013073107508e-07,8.458387115382212e-13,1
5898,1.7134962086439163e-06,7.935980878890128e-07,8.462125525684031e-13,1
5899,1.7134962086439163e-06,7.933949549325567e-07,8.465863170812157e-13,1
5900,1.7134962086439163e-06,7.93191908389945e-07,8.469600050659518e-13,1
5901,1.7134962086439163e-06,7.9298894820978e-07,8.473336165119589e-13,1
5902,1.7134962086439163e-06,7.92786074340703e-07,8.477071514086412e-13,1
5903,1.7134962086439163e-06,7.925832867313942e-07,8.480806097454592e-13,1
5904,1.7134962086439163e-06,7.923805853305738e-07,8.484539915119276e-13,1
5905,1.7134962086439163e-06,7.921779700870003e-07,8.488272966976185e-13,1
5906,1.7134962086439163e-06,7.919754409494718e-07,8.492005252921585e-13,1
5907,1.7134962086439163e-06,7.917729978668256e-07,8.495736772852292e-13,1
5908,1.7134962086439163e-06,7.915706407879377e-07,8.499467526665687e-13,1
5909,1.7134962086439163e-06,7.913683696617234e-07,8.503197514259691e-13,1
5910,1.7134962086439163e-06,7.911661844371366e-07,8.506926735532788e-13,1
5911,1.7134962086439163e-06,7.909640850631707e-07,8.510655190384e-13,1
5912,1.7134962086439163e-06,7.907620714888577e-07,8.514382878712906e-13,1
5913,1.7134962086439163e-06,7.905601436632686e-07,8.518109800419625e-13,1
5914,1.7134962086439163e-06,7.903583015355127e-07,8.521835955404837e-13,1
5915,1.7134962086439163e-06,7.901565450547389e-07,8.525561343569754e-13,1
5916,1.7134962086439163e-06,7.899548741701345e-07,8.529285964816139e-13,1
5917,1.7134962086439163e-06,7.897532888309252e-07,8.533009819046301e-13,1
5918,1.7134962086439163e-06,7.89551788986376e-07,8.536732906163091e-13,1
5919,1.7134962086439163e-06,7.893503745857904e-07,8.540455226069892e-13,1
5920,1.7134962086439163e-06,7.8914904557851e-07,8.544176778670649e-13,1
5921,1.7134962086439163e-06,7.889478019139156e-07,8.547897563869829e-13,1
5922,1.7134962086439163e-06,7.887466435414265e-07,8.551617581572441e-13,1
5923,1.7134962086439163e-06,7.885455704105e-07,8.555336831684043e-13,1
5924,1.7134962086439163e-06,7.883445824706323e-07,8.559055314110718e-13,1
5925,1.7134962086439163e-06,7.881436796713582e-07,8.562773028759091e-13,1
5926,1.7134962086439163e-06,7.879428619622504e-07,8.56648997553632e-13,1
5927,1.7134962086439163e-06,7.877421292929203e-07,8.570206154350103e-13,1
5928,1.7134962086439163e-06,7.875414816130178e-07,8.573921565108659e-13,1
5929,1.7134962086439163e-06,7.873409188722303e-07,8.577636207720757e-13,1
5930,1.7134962086439163e-06,7.871404410202846e-07,8.581350082095679e-13,1
5931,1.7134962086439163e-06,7.86940048006945e-07,8.58506318814325e-13,1
5932,1.7134962086439163e-06,7.867397397820139e-07,8.588775525773823e-13,1
5933,1.7134962086439163e-06,7.865395162953324e-07,8.592487094898272e-13,1
5934,1.7134962086439163e-06,7.863393774967792e-07,8.59619789542801e-13,1
5935,1.7134962086439163e-06,7.861393233362716e-07,8.599907927274962e-13,1
5936,1.7134962086439163e-06,7.859393537637644e-07,8.603617190351593e-13,1
5937,1.7134962086439163e-06,7.857394687292509e-07,8.607325684570883e-13,1
5938,1.7134962086439163e-06,7.855396681827616e-07,8.611033409846348e-13,1
5939,1.7134962086439163e-06,7.853399520743662e-07,8.614740366092006e-13,1
5940,1.7134962086439163e-06,7.851403203541712e-07,8.618446553222418e-13,1
5941,1.7134962086439163e-06,7.849407729723216e-07,8.622151971152652e-13,1
5942,1.7134962086439163e-06,7.847413098789998e-07,8.625856619798304e-13,1
5943,1.7134962086439163e-06,7.845419310244262e-07,8.629560499075487e-13,1
5944,1.7134962086439163e-06,7.843426363588593e-07,8.633263608900827e-13,1
5945,1.7134962086439163e-06,7.841434258325945e-07,8.636965949191479e-13,1
5946,1.7134962086439163e-06,7.839442993959663e-07,8.640667519865092e-13,1
5947,1.7134962086439163e-06,7.83745256999345e-07,8.644368320839861e-13,1
5948,1.7134962086439163e-06,7.8354629859314e-07,8.648068352034469e-13,1
5949,1.7134962086439163e-06,7.833474241277979e-07,8.651767613368126e-13,1
5950,1.7134962086439163e-06,7.831486335538025e-07,8.65546610476055e-13,1
5951,1.7134962086439163e-06,7.829499268216755e-07,8.659163826131972e-13,1
5952,1.7134962086439163e-06,7.827513038819761e-07,8.662860777403131e-13,1
5953,1.7134962086439163e-06,7.825527646853009e-07,8.666556958495278e-13,1
5954,1.7134962086439163e-06,7.823543091822834e-07,8.670252369330178e-13,1
5955,1.7134962086439163e-06,7.821559373235953e-07,8.673947009830091e-13,1
5956,1.7134962086439163e-06,7.819576490599454e-07,8.677640879917794e-13,1
5957,1.7134962086439163e-06,7.817594443420793e-07,8.681333979516572e-13,1
5958,1.7134962086439163e-06,7.815613231207806e-07,8.685026308550201e-13,1
5959,1.7134962086439163e-06,7.813632853468697e-07,8.688717866942978e-13,1
5960,1.7134962086439163e-06,7.811653309712046e-07,8.692408654619689e-13,1
5961,1.7134962086439163e-06,7.809674599446799e-07,8.696098671505637e-13,1
5962,1.7134962086439163e-06,7.807696722182279e-07,8.699787917526611e-13,1
